3.000000 0.046471 0.981221 1.101798 
3.000000 0.046471 1.058601 1.054975 
3.000000 0.046471 0.980255 0.946048 
3.000000 0.046471 1.066865 0.940999 
3.000000 0.046471 0.871891 1.213771 
3.000000 0.046471 0.840851 1.043686 
3.000000 0.046471 0.884297 0.961016 
3.000000 0.046471 0.912576 1.219922 
3.000000 0.046471 0.932253 0.996507 
3.000000 0.046471 1.099300 1.194785 
4.000000 0.057053 1.115321 1.007916 
4.000000 0.057053 0.835696 1.234344 
4.000000 0.057053 0.723760 1.226520 
4.000000 0.057053 1.179815 0.988470 
4.000000 0.057053 0.936553 1.032361 
4.000000 0.057053 1.061564 1.068347 
4.000000 0.057053 1.238471 1.095747 
4.000000 0.057053 1.205197 0.791952 
4.000000 0.057053 0.769165 0.821145 
4.000000 0.057053 0.973228 1.278970 
2.000000 0.059975 1.024780 0.816658 
2.000000 0.059975 0.992166 0.646987 
2.000000 0.059975 0.927164 0.933920 
2.000000 0.059975 0.867518 1.043028 
2.000000 0.059975 0.988502 0.868206 
2.000000 0.059975 0.971351 0.846879 
2.000000 0.059975 0.893185 1.321212 
2.000000 0.059975 1.251419 1.249113 
2.000000 0.059975 1.071216 1.044269 
2.000000 0.059975 0.850071 1.270384 
1.000000 0.062889 1.028952 1.171486 
1.000000 0.062889 0.939788 1.015497 
1.000000 0.062889 1.000965 1.086354 
1.000000 0.062889 1.059622 0.765583 
1.000000 0.062889 1.237887 1.031450 
1.000000 0.062889 0.669213 0.779786 
1.000000 0.062889 1.122337 1.062748 
1.000000 0.062889 1.149256 0.574384 
1.000000 0.062889 1.026151 1.039677 
1.000000 0.062889 1.078356 1.065720 
4.000000 0.103485 0.842364 1.070515 
4.000000 0.103485 1.222046 1.104367 
4.000000 0.103485 1.247714 1.096071 
4.000000 0.103485 0.896765 0.945755 
4.000000 0.103485 0.865588 1.075165 
4.000000 0.103485 0.832335 0.857313 
4.000000 0.103485 0.714463 0.973705 
4.000000 0.103485 1.070055 1.142555 
4.000000 0.103485 1.147234 0.918309 
4.000000 0.103485 1.060385 1.403329 
3.000000 0.108261 1.078036 0.703091 
3.000000 0.108261 0.690638 1.034401 
3.000000 0.108261 0.924235 1.266114 
3.000000 0.108261 1.014072 1.122572 
3.000000 0.108261 1.080555 0.659309 
3.000000 0.108261 0.947416 0.888599 
3.000000 0.108261 1.121080 0.967948 
3.000000 0.108261 0.915763 0.940103 
3.000000 0.108261 1.075164 1.066554 
3.000000 0.108261 0.471002 0.888041 
2.000000 0.111855 1.229808 0.993404 
2.000000 0.111855 1.036828 0.850922 
2.000000 0.111855 1.119239 1.002770 
2.000000 0.111855 0.550894 1.041516 
2.000000 0.111855 1.174544 0.886867 
2.000000 0.111855 0.886275 1.083930 
2.000000 0.111855 1.074804 1.065703 
2.000000 0.111855 1.202009 1.144510 
2.000000 0.111855 1.119743 1.127851 
2.000000 0.111855 1.040402 1.210403 
1.000000 0.114067 0.933194 1.035708 
1.000000 0.114067 0.426136 0.818036 
1.000000 0.114067 0.755867 0.798444 
1.000000 0.114067 1.078455 1.053694 
1.000000 0.114067 0.740807 1.031908 
1.000000 0.114067 1.190262 0.913987 
1.000000 0.114067 1.017030 0.958934 
1.000000 0.114067 1.290088 0.995604 
1.000000 0.114067 0.724715 1.253370 
1.000000 0.114067 1.194262 1.125746 
4.000000 0.157700 0.902884 1.262022 
4.000000 0.157700 1.168251 0.848103 
4.000000 0.157700 1.047224 1.021668 
4.000000 0.157700 1.200543 0.709109 
4.000000 0.157700 1.436944 0.941163 
4.000000 0.157700 1.088888 0.881569 
4.000000 0.157700 1.037790 0.655561 
4.000000 0.157700 0.742526 1.199585 
4.000000 0.157700 1.064986 0.824379 
4.000000 0.157700 0.729775 1.164015 
3.000000 0.165398 1.174220 0.971326 
3.000000 0.165398 1.333811 0.939016 
3.000000 0.165398 1.114021 1.050649 
3.000000 0.165398 1.018752 1.119794 
3.000000 0.165398 0.899464 1.046400 
3.000000 0.165398 1.045161 0.957389 
3.000000 0.165398 1.360321 0.544636 
3.000000 0.165398 0.943475 1.055314 
3.000000 0.165398 1.180151 0.817458 
3.000000 0.165398 1.251537 0.782235 
2.000000 0.168449 0.797898 0.993429 
2.000000 0.168449 1.268751 0.984174 
2.000000 0.168449 0.780309 1.036031 
2.000000 0.168449 0.922600 0.963646 
2.000000 0.168449 0.922517 0.665691 
2.000000 0.168449 1.113721 0.907531 
2.000000 0.168449 1.038866 0.964400 
2.000000 0.168449 1.132542 0.948853 
2.000000 0.168449 0.841179 1.165984 
2.000000 0.168449 0.989438 1.009333 
1.000000 0.170464 0.941676 0.671112 
1.000000 0.170464 0.776160 1.085817 
1.000000 0.170464 0.941017 1.034338 
1.000000 0.170464 0.775342 0.912529 
1.000000 0.170464 1.077711 0.868966 
1.000000 0.170464 0.672824 1.059956 
1.000000 0.170464 1.078399 1.402329 
1.000000 0.170464 1.114446 0.883243 
1.000000 0.170464 0.760852 0.837671 
1.000000 0.170464 1.100605 0.776936 
4.000000 0.211868 0.964189 1.015400 
4.000000 0.211868 0.832468 0.965783 
4.000000 0.211868 0.981174 0.906628 
4.000000 0.211868 1.149189 1.031369 
4.000000 0.211868 0.908045 1.233618 
4.000000 0.211868 1.080853 0.796171 
4.000000 0.211868 0.983196 0.900614 
4.000000 0.211868 1.071268 0.983620 
4.000000 0.211868 1.216707 1.151808 
4.000000 0.211868 1.205444 1.147248 
2.000000 0.223434 0.891082 1.154179 
2.000000 0.223434 1.146075 1.303368 
2.000000 0.223434 0.966553 1.248018 
2.000000 0.223434 0.963414 1.058547 
2.000000 0.223434 1.398022 1.008145 
2.000000 0.223434 1.030349 0.971317 
2.000000 0.223434 0.960613 0.987505 
2.000000 0.223434 1.155597 1.133455 
2.000000 0.223434 1.204815 1.094162 
2.000000 0.223434 1.136287 0.857991 
3.000000 0.229393 0.961467 1.086718 
3.000000 0.229393 1.070236 1.311973 
3.000000 0.229393 1.033697 1.053683 
3.000000 0.229393 0.987560 1.047849 
3.000000 0.229393 0.941847 1.058294 
3.000000 0.229393 1.091868 1.041455 
3.000000 0.229393 0.783987 1.480261 
3.000000 0.229393 0.991167 1.077551 
3.000000 0.229393 1.015767 1.088900 
3.000000 0.229393 1.028214 0.957845 
1.000000 0.231369 0.914342 0.820990 
1.000000 0.231369 1.164708 0.988466 
1.000000 0.231369 0.962323 0.986488 
1.000000 0.231369 1.103940 1.154859 
1.000000 0.231369 0.780729 1.184137 
1.000000 0.231369 0.987570 0.987844 
1.000000 0.231369 0.888961 0.823924 
1.000000 0.231369 0.745284 1.245123 
1.000000 0.231369 0.987236 1.159482 
1.000000 0.231369 0.453020 0.655177 
4.000000 0.266121 1.162387 1.345728 
4.000000 0.266121 0.632843 1.356457 
4.000000 0.266121 0.775288 1.022414 
4.000000 0.266121 0.759590 1.202625 
4.000000 0.266121 1.179585 0.841714 
4.000000 0.266121 1.046752 0.904874 
4.000000 0.266121 0.949074 0.649307 
4.000000 0.266121 0.639609 0.959198 
4.000000 0.266121 1.022468 1.013366 
4.000000 0.266121 0.761602 0.988168 
2.000000 0.277443 1.212401 1.145157 
2.000000 0.277443 0.907754 0.637351 
2.000000 0.277443 0.891795 0.871680 
2.000000 0.277443 1.169237 0.802670 
2.000000 0.277443 0.936457 1.026149 
2.000000 0.277443 0.875695 1.175352 
2.000000 0.277443 1.072256 0.692512 
2.000000 0.277443 1.253835 0.535641 
2.000000 0.277443 0.960557 1.072065 
2.000000 0.277443 1.057610 0.873342 
3.000000 0.284485 0.903893 1.143796 
3.000000 0.284485 1.227627 0.848600 
3.000000 0.284485 1.078931 0.668015 
3.000000 0.284485 0.598608 1.386044 
3.000000 0.284485 0.900049 0.966812 
3.000000 0.284485 0.836044 1.322087 
3.000000 0.284485 0.846355 1.136572 
3.000000 0.284485 1.003302 1.034863 
3.000000 0.284485 1.277465 0.627472 
3.000000 0.284485 1.314355 1.064103 
1.000000 0.287224 0.911363 1.069190 
1.000000 0.287224 1.074116 0.876291 
1.000000 0.287224 0.675971 0.750090 
1.000000 0.287224 1.010200 1.201324 
1.000000 0.287224 1.163916 1.115576 
1.000000 0.287224 0.836393 0.829409 
1.000000 0.287224 0.962311 0.797292 
1.000000 0.287224 1.106894 0.846508 
1.000000 0.287224 1.113457 0.750592 
1.000000 0.287224 0.895945 1.194439 
4.000000 0.320312 1.298055 1.128707 
4.000000 0.320312 0.985869 1.052523 
4.000000 0.320312 1.153379 1.447203 
4.000000 0.320312 0.952121 0.931212 
4.000000 0.320312 0.740076 1.048545 
4.000000 0.320312 1.313534 0.515243 
4.000000 0.320312 1.072625 1.155492 
4.000000 0.320312 1.142967 1.127992 
4.000000 0.320312 0.994665 1.207836 
4.000000 0.320312 0.861745 1.224662 
2.000000 0.331993 1.467696 1.009586 
2.000000 0.331993 1.187052 1.154987 
2.000000 0.331993 0.935417 0.956073 
2.000000 0.331993 1.003797 0.840192 
2.000000 0.331993 0.805125 1.084535 
2.000000 0.331993 1.156823 1.145151 
2.000000 0.331993 0.996214 1.363600 
2.000000 0.331993 1.027496 0.968801 
2.000000 0.331993 1.142846 0.929768 
2.000000 0.331993 1.108292 1.151867 
3.000000 0.339066 0.915779 1.178011 
3.000000 0.339066 1.233687 1.042949 
3.000000 0.339066 1.106821 0.825349 
3.000000 0.339066 1.239050 1.061397 
3.000000 0.339066 1.100433 1.062578 
3.000000 0.339066 1.250786 0.863459 
3.000000 0.339066 1.038040 1.163724 
3.000000 0.339066 1.087197 0.783918 
3.000000 0.339066 1.103172 1.162585 
3.000000 0.339066 0.710834 0.708431 
1.000000 0.343529 1.024774 0.715987 
1.000000 0.343529 1.179927 0.664265 
1.000000 0.343529 0.865185 0.936458 
1.000000 0.343529 0.738111 0.630725 
1.000000 0.343529 0.903705 0.865334 
1.000000 0.343529 1.161864 0.870495 
1.000000 0.343529 1.290679 1.125903 
1.000000 0.343529 1.023789 0.593950 
1.000000 0.343529 0.988518 1.081278 
1.000000 0.343529 0.958944 1.406716 
4.000000 0.374527 0.695967 0.822459 
4.000000 0.374527 1.100041 0.673385 
4.000000 0.374527 1.389594 1.257917 
4.000000 0.374527 0.992480 1.124032 
4.000000 0.374527 0.861191 1.100083 
4.000000 0.374527 0.983286 1.188721 
4.000000 0.374527 1.086198 0.835146 
4.000000 0.374527 1.030676 0.813543 
4.000000 0.374527 1.252670 0.959034 
4.000000 0.374527 1.212920 0.782556 
2.000000 0.386856 0.989285 1.093392 
2.000000 0.386856 1.020278 0.695959 
2.000000 0.386856 1.171002 0.738861 
2.000000 0.386856 1.089282 1.107280 
2.000000 0.386856 0.907737 0.790585 
2.000000 0.386856 0.990700 1.027883 
2.000000 0.386856 1.002175 0.829322 
2.000000 0.386856 0.973314 0.767342 
2.000000 0.386856 0.900676 1.391109 
2.000000 0.386856 1.060907 1.172901 
3.000000 0.393410 0.870844 1.174445 
3.000000 0.393410 0.629926 1.239646 
3.000000 0.393410 0.895754 0.745722 
3.000000 0.393410 1.009858 1.069468 
3.000000 0.393410 0.596233 0.879430 
3.000000 0.393410 1.199956 0.820402 
3.000000 0.393410 1.078967 1.198219 
3.000000 0.393410 0.644727 0.938051 
3.000000 0.393410 1.116315 1.094975 
3.000000 0.393410 0.913377 1.130198 
1.000000 0.399994 0.776828 0.940080 
1.000000 0.399994 1.441913 0.841183 
1.000000 0.399994 0.979766 0.928971 
1.000000 0.399994 1.008746 1.069116 
1.000000 0.399994 1.058004 0.771307 
1.000000 0.399994 0.890435 0.715721 
1.000000 0.399994 0.824030 1.104701 
1.000000 0.399994 0.913606 1.209234 
1.000000 0.399994 0.699966 0.876387 
1.000000 0.399994 0.865089 1.154191 
4.000000 0.428741 0.804233 1.119301 
4.000000 0.428741 1.119668 1.003209 
4.000000 0.428741 0.842132 1.015784 
4.000000 0.428741 1.049343 0.996697 
4.000000 0.428741 1.057022 1.078038 
4.000000 0.428741 1.085437 0.844913 
4.000000 0.428741 1.046859 0.956058 
4.000000 0.428741 1.280348 1.010476 
4.000000 0.428741 1.198729 1.086646 
4.000000 0.428741 1.127373 1.128333 
2.000000 0.442108 1.083754 1.435765 
2.000000 0.442108 1.249793 0.823757 
2.000000 0.442108 1.052960 1.051942 
2.000000 0.442108 0.952670 1.025725 
2.000000 0.442108 0.833125 1.158594 
2.000000 0.442108 1.230832 1.054966 
2.000000 0.442108 0.828571 0.842248 
2.000000 0.442108 1.173281 1.241758 
2.000000 0.442108 1.139067 0.620693 
2.000000 0.442108 1.150662 0.682693 
3.000000 0.447830 1.027310 0.953550 
3.000000 0.447830 1.111195 0.554375 
3.000000 0.447830 0.871054 0.942513 
3.000000 0.447830 1.128699 0.933201 
3.000000 0.447830 1.057718 1.009897 
3.000000 0.447830 0.852442 0.757103 
3.000000 0.447830 1.005633 0.996384 
3.000000 0.447830 0.904822 0.656805 
3.000000 0.447830 0.751455 0.918999 
3.000000 0.447830 1.131159 0.784317 
1.000000 0.456459 1.238471 0.865022 
1.000000 0.456459 0.841912 0.559171 
1.000000 0.456459 1.150480 1.148890 
1.000000 0.456459 0.826186 1.005597 
1.000000 0.456459 1.133432 0.989609 
1.000000 0.456459 0.645275 1.311561 
1.000000 0.456459 1.078766 0.985246 
1.000000 0.456459 1.049926 0.934938 
1.000000 0.456459 1.168072 0.726431 
1.000000 0.456459 0.991473 1.049869 
4.000000 0.482979 1.006989 1.051388 
4.000000 0.482979 0.767484 1.054629 
4.000000 0.482979 0.880626 1.149139 
4.000000 0.482979 1.095891 1.141610 
4.000000 0.482979 0.979759 0.834187 
4.000000 0.482979 1.388110 0.954420 
4.000000 0.482979 1.156355 1.439344 
4.000000 0.482979 0.991206 0.923647 
4.000000 0.482979 1.139270 1.186014 
4.000000 0.482979 1.063183 1.220600 
2.000000 0.498474 0.839015 1.019907 
2.000000 0.498474 0.898658 1.110369 
2.000000 0.498474 1.107654 0.904031 
2.000000 0.498474 0.958227 1.258391 
2.000000 0.498474 0.747286 0.925842 
2.000000 0.498474 0.837205 0.768866 
2.000000 0.498474 1.165883 0.606179 
2.000000 0.498474 1.063361 0.891595 
2.000000 0.498474 0.915267 1.127200 
2.000000 0.498474 0.719773 1.035471 
3.000000 0.502617 0.902444 0.941370 
3.000000 0.502617 0.942867 1.123600 
3.000000 0.502617 1.034459 0.934536 
3.000000 0.502617 1.231812 1.028962 
3.000000 0.502617 1.127578 0.998625 
3.000000 0.502617 1.023802 0.811490 
3.000000 0.502617 1.161309 0.932427 
3.000000 0.502617 1.157179 1.123470 
3.000000 0.502617 1.288889 1.449179 
3.000000 0.502617 0.879928 1.141039 
1.000000 0.512764 1.146197 0.987759 
1.000000 0.512764 0.886007 0.847140 
1.000000 0.512764 1.091835 0.896428 
1.000000 0.512764 1.007047 0.926416 
1.000000 0.512764 0.956129 0.720543 
1.000000 0.512764 1.142921 1.100215 
1.000000 0.512764 1.059753 1.084023 
1.000000 0.512764 0.979876 1.010026 
1.000000 0.512764 0.793327 1.198236 
1.000000 0.512764 0.944800 1.317886 
4.000000 0.537216 1.088022 0.693052 
4.000000 0.537216 0.894140 0.792436 
4.000000 0.537216 1.045208 1.214584 
4.000000 0.537216 0.822068 1.089087 
4.000000 0.537216 0.844484 0.890515 
4.000000 0.537216 1.087939 0.929334 
4.000000 0.537216 0.995080 0.960293 
4.000000 0.537216 1.099040 0.784129 
4.000000 0.537216 1.220043 0.820594 
4.000000 0.537216 1.074971 0.951492 
2.000000 0.555481 0.703423 1.018403 
2.000000 0.555481 0.996191 0.754999 
2.000000 0.555481 0.706458 0.991790 
2.000000 0.555481 0.641851 0.874690 
2.000000 0.555481 0.887755 1.060807 
2.000000 0.555481 1.004629 0.942842 
2.000000 0.555481 0.580411 0.773611 
2.000000 0.555481 1.153613 1.134526 
2.000000 0.555481 1.045880 1.067722 
2.000000 0.555481 0.995692 1.042442 
3.000000 0.558968 1.107339 0.856069 
3.000000 0.558968 0.546702 1.116739 
3.000000 0.558968 0.858252 1.254265 
3.000000 0.558968 1.130819 1.270717 
3.000000 0.558968 0.730040 1.049386 
3.000000 0.558968 1.089375 1.113102 
3.000000 0.558968 1.270543 0.922026 
3.000000 0.558968 0.889357 1.090918 
3.000000 0.558968 1.018700 1.007283 
3.000000 0.558968 1.308787 0.758676 
1.000000 0.569641 0.943163 0.939151 
1.000000 0.569641 0.818671 0.700043 
1.000000 0.569641 0.765737 1.382339 
1.000000 0.569641 1.145790 1.242444 
1.000000 0.569641 0.551087 0.917323 
1.000000 0.569641 1.287535 0.949338 
1.000000 0.569641 1.377695 0.449473 
1.000000 0.569641 0.887268 0.743134 
1.000000 0.569641 1.031606 0.752003 
1.000000 0.569641 1.169370 1.089468 
4.000000 0.591415 0.923643 0.712316 
4.000000 0.591415 0.744995 0.958644 
4.000000 0.591415 1.337754 0.935292 
4.000000 0.591415 1.107643 1.045015 
4.000000 0.591415 0.823857 1.014229 
4.000000 0.591415 1.183698 0.781112 
4.000000 0.591415 0.958854 1.191009 
4.000000 0.591415 1.467478 1.041409 
4.000000 0.591415 0.853440 0.976465 
4.000000 0.591415 0.945196 0.924886 
2.000000 0.610634 1.186375 0.848858 
2.000000 0.610634 1.085391 1.089739 
2.000000 0.610634 0.823798 0.884865 
2.000000 0.610634 0.695382 1.049736 
2.000000 0.610634 0.921645 1.534952 
2.000000 0.610634 0.923305 0.556382 
2.000000 0.610634 0.889208 0.999261 
2.000000 0.610634 1.034463 1.107270 
2.000000 0.610634 1.092401 0.813552 
2.000000 0.610634 1.058377 1.081958 
3.000000 0.613907 1.253343 0.646345 
3.000000 0.613907 1.265284 1.137137 
3.000000 0.613907 1.001575 1.119385 
3.000000 0.613907 0.765080 0.687819 
3.000000 0.613907 0.873439 0.787451 
3.000000 0.613907 0.996756 0.929212 
3.000000 0.613907 1.303007 0.854431 
3.000000 0.613907 1.105946 0.888919 
3.000000 0.613907 0.789563 1.068844 
3.000000 0.613907 1.203047 0.758761 
1.000000 0.626717 0.957188 1.123287 
1.000000 0.626717 1.200137 0.945719 
1.000000 0.626717 1.362268 0.806878 
1.000000 0.626717 0.907110 1.039690 
1.000000 0.626717 1.057910 1.069146 
1.000000 0.626717 1.143804 0.952565 
1.000000 0.626717 0.772754 1.032185 
1.000000 0.626717 0.938134 0.751313 
1.000000 0.626717 0.911929 0.842797 
1.000000 0.626717 1.262295 1.132901 
4.000000 0.645752 1.140729 1.102730 
4.000000 0.645752 1.117625 0.972135 
4.000000 0.645752 0.972242 1.079378 
4.000000 0.645752 1.113826 0.820739 
4.000000 0.645752 0.704053 0.901449 
4.000000 0.645752 0.943032 0.925109 
4.000000 0.645752 0.819254 0.888774 
4.000000 0.645752 0.892666 0.853086 
4.000000 0.645752 0.535064 1.153084 
4.000000 0.645752 0.811213 0.842267 
2.000000 0.666504 1.165445 0.948132 
2.000000 0.666504 0.706005 0.935850 
2.000000 0.666504 0.790407 0.812503 
2.000000 0.666504 0.644013 1.173492 
2.000000 0.666504 1.320241 0.960203 
2.000000 0.666504 1.369772 1.217862 
2.000000 0.666504 1.148493 0.713463 
2.000000 0.666504 0.939591 1.013210 
2.000000 0.666504 1.149863 1.120931 
2.000000 0.666504 1.098287 0.557830 
3.000000 0.669144 0.838222 1.018123 
3.000000 0.669144 1.101074 1.106816 
3.000000 0.669144 0.812158 1.228519 
3.000000 0.669144 1.086581 0.903679 
3.000000 0.669144 0.831353 1.058601 
3.000000 0.669144 1.310094 1.398428 
3.000000 0.669144 0.955928 0.800583 
3.000000 0.669144 1.083529 0.967038 
3.000000 0.669144 1.087356 1.283458 
3.000000 0.669144 1.193730 1.056392 
1.000000 0.684143 1.179276 1.220888 
1.000000 0.684143 0.863095 1.025333 
1.000000 0.684143 1.259695 1.373184 
1.000000 0.684143 1.066087 0.953556 
1.000000 0.684143 0.758599 0.982202 
1.000000 0.684143 0.998254 1.377042 
1.000000 0.684143 1.177750 1.190799 
1.000000 0.684143 1.132351 1.214701 
1.000000 0.684143 0.994053 0.706235 
1.000000 0.684143 0.920894 0.993813 
4.000000 0.701729 0.831067 0.664958 
4.000000 0.701729 1.376168 0.925577 
4.000000 0.701729 0.700591 1.028667 
4.000000 0.701729 0.849547 1.093478 
4.000000 0.701729 1.270429 1.222153 
4.000000 0.701729 1.267600 1.019770 
4.000000 0.701729 0.932656 1.242827 
4.000000 0.701729 1.038065 1.050326 
4.000000 0.701729 1.025617 1.004407 
4.000000 0.701729 1.087268 0.879576 
2.000000 0.721687 0.788264 1.195795 
2.000000 0.721687 0.979690 1.106587 
2.000000 0.721687 1.051321 0.956805 
2.000000 0.721687 0.675340 1.143623 
2.000000 0.721687 1.109676 1.349554 
2.000000 0.721687 0.908581 1.161671 
2.000000 0.721687 0.841079 0.655706 
2.000000 0.721687 1.030912 1.233768 
2.000000 0.721687 1.088321 1.499774 
2.000000 0.721687 1.002388 1.393688 
3.000000 0.724457 1.001222 1.207841 
3.000000 0.724457 0.993372 1.218482 
3.000000 0.724457 1.059495 1.093653 
3.000000 0.724457 0.838985 1.244029 
3.000000 0.724457 1.019643 1.133289 
3.000000 0.724457 1.125972 0.806319 
3.000000 0.724457 1.384797 1.314385 
3.000000 0.724457 0.786312 1.186557 
3.000000 0.724457 0.801197 1.032515 
3.000000 0.724457 1.094584 0.937658 
1.000000 0.741486 0.879633 0.688849 
1.000000 0.741486 1.077444 1.204549 
1.000000 0.741486 1.181792 1.088897 
1.000000 0.741486 0.661406 1.056453 
1.000000 0.741486 1.000548 1.252763 
1.000000 0.741486 1.183787 0.893457 
1.000000 0.741486 1.110790 1.142126 
1.000000 0.741486 0.894514 0.960222 
1.000000 0.741486 1.207218 0.995531 
1.000000 0.741486 1.337861 1.022341 
4.000000 0.758102 0.711959 0.813568 
4.000000 0.758102 0.872777 0.798934 
4.000000 0.758102 0.944094 0.849693 
4.000000 0.758102 1.030241 0.940176 
4.000000 0.758102 1.175419 0.888560 
4.000000 0.758102 0.993371 0.651491 
4.000000 0.758102 0.998346 0.709873 
4.000000 0.758102 0.883520 0.864967 
4.000000 0.758102 1.025915 0.940828 
4.000000 0.758102 0.754067 0.704415 
2.000000 0.777931 0.999766 1.335279 
2.000000 0.777931 1.174104 0.841615 
2.000000 0.777931 1.153372 1.180779 
2.000000 0.777931 0.759407 0.831203 
2.000000 0.777931 0.820080 0.635438 
2.000000 0.777931 0.591212 0.930868 
2.000000 0.777931 1.019886 0.922034 
2.000000 0.777931 1.423657 0.963147 
2.000000 0.777931 0.904338 1.134280 
2.000000 0.777931 1.222870 0.849852 
3.000000 0.780037 1.289057 0.623939 
3.000000 0.780037 1.109891 1.351319 
3.000000 0.780037 0.899780 0.712568 
3.000000 0.780037 1.279480 0.977297 
3.000000 0.780037 1.045915 0.905387 
3.000000 0.780037 1.246027 0.805400 
3.000000 0.780037 0.893385 1.116337 
3.000000 0.780037 0.739064 1.122652 
3.000000 0.780037 0.801728 0.729790 
3.000000 0.780037 1.190693 0.995460 
1.000000 0.798813 0.920826 1.118817 
1.000000 0.798813 1.114151 1.046861 
1.000000 0.798813 0.925737 0.954593 
1.000000 0.798813 0.725660 1.160239 
1.000000 0.798813 0.675850 1.155695 
1.000000 0.798813 1.076501 1.130943 
1.000000 0.798813 1.391183 0.897927 
1.000000 0.798813 1.293670 0.793430 
1.000000 0.798813 1.318807 1.354640 
1.000000 0.798813 1.410702 1.118705 
4.000000 0.814438 0.641313 1.392171 
4.000000 0.814438 0.940650 1.217880 
4.000000 0.814438 0.807300 0.949295 
4.000000 0.814438 1.209141 0.859039 
4.000000 0.814438 1.086791 0.687997 
4.000000 0.814438 0.833041 0.697635 
4.000000 0.814438 0.828565 1.058719 
4.000000 0.814438 0.726953 0.917325 
4.000000 0.814438 1.120895 1.065878 
4.000000 0.814438 1.022624 1.115774 
2.000000 0.834602 1.039273 1.359676 
2.000000 0.834602 1.527344 0.822908 
2.000000 0.834602 0.877020 1.017860 
2.000000 0.834602 1.090405 1.074989 
2.000000 0.834602 1.280979 1.499372 
2.000000 0.834602 1.227432 0.789219 
2.000000 0.834602 1.148593 0.908929 
2.000000 0.834602 1.248675 0.980024 
2.000000 0.834602 0.955701 1.182603 
2.000000 0.834602 1.018315 1.130841 
3.000000 0.836578 1.178412 0.811390 
3.000000 0.836578 0.840465 1.047994 
3.000000 0.836578 1.256963 1.133087 
3.000000 0.836578 1.051107 1.179348 
3.000000 0.836578 0.872183 0.971155 
3.000000 0.836578 0.713940 0.987526 
3.000000 0.836578 1.067604 0.785673 
3.000000 0.836578 0.755252 0.741919 
3.000000 0.836578 0.997896 0.878745 
3.000000 0.836578 0.957244 0.841368 
1.000000 0.855934 1.128213 0.957880 
1.000000 0.855934 0.903596 1.174680 
1.000000 0.855934 1.244565 0.884736 
1.000000 0.855934 1.081905 1.030890 
1.000000 0.855934 0.651258 0.880272 
1.000000 0.855934 0.848455 0.853403 
1.000000 0.855934 1.132752 0.718792 
1.000000 0.855934 1.120797 1.027930 
1.000000 0.855934 0.873908 0.896802 
1.000000 0.855934 1.026199 0.999676 
4.000000 0.870026 1.253388 0.931058 
4.000000 0.870026 1.046030 0.884238 
4.000000 0.870026 0.870082 1.195918 
4.000000 0.870026 1.074538 0.799765 
4.000000 0.870026 0.882821 0.944994 
4.000000 0.870026 0.642588 1.246339 
4.000000 0.870026 1.266454 0.855858 
4.000000 0.870026 0.840436 0.970705 
4.000000 0.870026 0.917932 1.010047 
4.000000 0.870026 0.766651 0.903901 
2.000000 0.890999 0.832806 0.700002 
2.000000 0.890999 0.779191 1.025670 
2.000000 0.890999 1.066798 1.024339 
2.000000 0.890999 1.437170 1.143761 
2.000000 0.890999 1.079850 0.946551 
2.000000 0.890999 1.281614 1.252770 
2.000000 0.890999 0.931248 0.756684 
2.000000 0.890999 1.228796 1.225129 
2.000000 0.890999 1.058871 0.892604 
2.000000 0.890999 1.112680 1.084695 
3.000000 0.892998 1.046227 0.592911 
3.000000 0.892998 0.801877 1.155765 
3.000000 0.892998 1.035134 0.906762 
3.000000 0.892998 1.068691 1.204321 
3.000000 0.892998 0.765116 0.757397 
3.000000 0.892998 1.151323 0.963503 
3.000000 0.892998 0.937477 1.164029 
3.000000 0.892998 0.816509 0.957418 
3.000000 0.892998 0.632667 1.031054 
3.000000 0.892998 1.228794 0.663368 
1.000000 0.912834 0.940201 0.850314 
1.000000 0.912834 1.336836 1.079515 
1.000000 0.912834 1.157224 0.748490 
1.000000 0.912834 0.905151 0.861310 
1.000000 0.912834 1.109458 1.008843 
1.000000 0.912834 0.906724 0.792677 
1.000000 0.912834 0.808823 0.991615 
1.000000 0.912834 1.103253 1.118576 
1.000000 0.912834 1.286563 1.024048 
1.000000 0.912834 0.901652 0.916672 
4.000000 0.924507 1.129015 0.950071 
4.000000 0.924507 1.177766 0.915838 
4.000000 0.924507 0.677321 0.865099 
4.000000 0.924507 0.920867 1.146569 
4.000000 0.924507 1.263034 0.943312 
4.000000 0.924507 1.032248 0.905896 
4.000000 0.924507 1.092465 0.958825 
4.000000 0.924507 1.231347 1.220110 
4.000000 0.924507 1.027911 1.035146 
4.000000 0.924507 1.035826 0.824397 
2.000000 0.947342 0.714668 1.078903 
2.000000 0.947342 1.220974 1.235048 
2.000000 0.947342 0.917620 0.810358 
2.000000 0.947342 1.133617 0.681347 
2.000000 0.947342 0.765876 1.099380 
2.000000 0.947342 0.762735 0.892199 
2.000000 0.947342 0.827379 1.370994 
2.000000 0.947342 1.012714 0.827855 
2.000000 0.947342 0.899073 0.910010 
2.000000 0.947342 0.760259 0.959254 
3.000000 0.949287 0.834648 0.841482 
3.000000 0.949287 1.245563 0.940005 
3.000000 0.949287 1.065068 1.322043 
3.000000 0.949287 1.122255 0.844420 
3.000000 0.949287 0.581554 0.746256 
3.000000 0.949287 0.976753 1.161411 
3.000000 0.949287 1.423709 1.071407 
3.000000 0.949287 1.054597 0.873510 
3.000000 0.949287 1.307794 0.946567 
3.000000 0.949287 0.866663 0.987153 
1.000000 0.969673 1.000625 1.104133 
1.000000 0.969673 1.157255 1.217764 
1.000000 0.969673 0.990736 0.970693 
1.000000 0.969673 1.373928 0.844349 
1.000000 0.969673 0.978500 1.191375 
1.000000 0.969673 1.060171 0.851724 
1.000000 0.969673 1.088608 1.057018 
1.000000 0.969673 0.977130 1.282185 
1.000000 0.969673 1.051582 1.090170 
1.000000 0.969673 0.738396 0.932288 
4.000000 0.978752 1.323899 0.654179 
4.000000 0.978752 1.131672 0.942251 
4.000000 0.978752 1.325945 1.136938 
4.000000 0.978752 1.011060 1.019977 
4.000000 0.978752 1.392636 0.915973 
4.000000 0.978752 1.278248 0.476684 
4.000000 0.978752 1.348145 1.140681 
4.000000 0.978752 1.164255 0.975582 
4.000000 0.978752 1.014577 1.245324 
4.000000 0.978752 0.955859 1.079365 
2.000000 1.003929 1.093093 1.040614 
2.000000 1.003929 1.055413 1.064706 
2.000000 1.003929 0.883560 0.835556 
2.000000 1.003929 1.144153 1.124612 
2.000000 1.003929 1.056652 1.010280 
2.000000 1.003929 1.088540 1.062102 
2.000000 1.003929 1.014329 0.867743 
2.000000 1.003929 1.346322 1.326061 
2.000000 1.003929 1.101934 1.118547 
2.000000 1.003929 1.000746 0.927122 
3.000000 1.005913 1.123144 0.840023 
3.000000 1.005913 1.240033 1.392740 
3.000000 1.005913 0.817250 0.766275 
3.000000 1.005913 0.851260 0.699785 
3.000000 1.005913 1.111478 0.798625 
3.000000 1.005913 1.199764 1.143537 
3.000000 1.005913 1.170014 0.914679 
3.000000 1.005913 0.872003 0.727874 
3.000000 1.005913 0.537211 1.033663 
3.000000 1.005913 0.592328 0.905478 
1.000000 1.026558 1.105821 1.166376 
1.000000 1.026558 1.076504 0.599911 
1.000000 1.026558 0.892543 1.190307 
1.000000 1.026558 1.050410 0.718761 
1.000000 1.026558 0.706068 0.846393 
1.000000 1.026558 0.868758 1.070793 
1.000000 1.026558 1.117153 0.925351 
1.000000 1.026558 1.109592 0.944498 
1.000000 1.026558 0.874487 1.002750 
1.000000 1.026558 0.958895 0.706990 
4.000000 1.032814 1.071372 1.229234 
4.000000 1.032814 0.809317 0.934045 
4.000000 1.032814 0.785133 1.274184 
4.000000 1.032814 1.393833 1.183788 
4.000000 1.032814 1.210474 1.272146 
4.000000 1.032814 1.064790 1.064446 
4.000000 1.032814 1.266408 0.742636 
4.000000 1.032814 0.951482 0.792328 
4.000000 1.032814 1.321271 0.531413 
4.000000 1.032814 0.965756 0.943890 
2.000000 1.060883 0.976488 0.790154 
2.000000 1.060883 0.995647 0.817435 
2.000000 1.060883 1.402455 0.668378 
2.000000 1.060883 0.538421 1.208356 
2.000000 1.060883 0.842053 0.739124 
2.000000 1.060883 1.190955 0.974618 
2.000000 1.060883 1.122183 0.844745 
2.000000 1.060883 1.027875 0.988044 
2.000000 1.060883 0.822877 0.779383 
2.000000 1.060883 0.997396 0.851731 
3.000000 1.062775 0.913262 1.073483 
3.000000 1.062775 1.008099 0.907421 
3.000000 1.062775 1.196987 0.857107 
3.000000 1.062775 1.076148 0.913073 
3.000000 1.062775 0.763837 0.919725 
3.000000 1.062775 1.177993 0.584173 
3.000000 1.062775 0.896024 0.851432 
3.000000 1.062775 0.902495 0.758143 
3.000000 1.062775 0.919655 0.877106 
3.000000 1.062775 1.294571 1.099668 
1.000000 1.083313 1.258577 1.117253 
1.000000 1.083313 0.903391 1.062800 
1.000000 1.083313 0.637874 1.332936 
1.000000 1.083313 0.947605 1.098262 
1.000000 1.083313 0.917747 0.939435 
1.000000 1.083313 1.056621 1.208110 
1.000000 1.083313 0.831502 0.868581 
1.000000 1.083313 1.006968 1.003188 
1.000000 1.083313 1.027475 0.874887 
1.000000 1.083313 0.973264 1.038237 
4.000000 1.087143 1.446005 0.921903 
4.000000 1.087143 0.962875 1.177486 
4.000000 1.087143 1.070666 1.078870 
4.000000 1.087143 1.124064 1.254193 
4.000000 1.087143 1.015944 1.215882 
4.000000 1.087143 1.065183 0.740525 
4.000000 1.087143 0.819479 0.723670 
4.000000 1.087143 0.929853 0.868599 
4.000000 1.087143 0.917893 1.030899 
4.000000 1.087143 1.141329 0.911279 
2.000000 1.117714 1.038817 1.361537 
2.000000 1.117714 1.013547 0.973660 
2.000000 1.117714 0.938289 0.802419 
2.000000 1.117714 0.683559 1.030420 
2.000000 1.117714 0.845641 0.818993 
2.000000 1.117714 1.241828 1.051856 
2.000000 1.117714 0.812262 1.174648 
2.000000 1.117714 1.079468 1.267809 
2.000000 1.117714 0.918678 1.013666 
2.000000 1.117714 1.087790 0.883613 
3.000000 1.119598 1.060481 0.993168 
3.000000 1.119598 0.697702 1.073089 
3.000000 1.119598 1.061811 0.510733 
3.000000 1.119598 1.278729 0.983917 
3.000000 1.119598 0.679546 0.971177 
3.000000 1.119598 0.734832 0.841329 
3.000000 1.119598 0.651237 1.021772 
3.000000 1.119598 1.012175 1.190000 
3.000000 1.119598 0.909238 0.728905 
3.000000 1.119598 0.590551 1.286348 
1.000000 1.140434 0.971622 1.083356 
1.000000 1.140434 0.954921 1.285370 
1.000000 1.140434 0.730374 1.006788 
1.000000 1.140434 1.023236 0.897298 
1.000000 1.140434 0.969171 0.675258 
1.000000 1.140434 1.086832 0.847526 
1.000000 1.140434 0.732670 0.941733 
1.000000 1.140434 1.059336 0.701596 
1.000000 1.140434 0.929211 0.862829 
1.000000 1.140434 1.113276 1.286676 
4.000000 1.142311 0.993887 1.364559 
4.000000 1.142311 1.252457 0.918643 
4.000000 1.142311 0.975686 0.945357 
4.000000 1.142311 1.000002 0.922347 
4.000000 1.142311 0.773103 0.852053 
4.000000 1.142311 1.117646 1.173569 
4.000000 1.142311 0.993947 0.708161 
4.000000 1.142311 0.960152 1.007785 
4.000000 1.142311 0.817904 1.121339 
4.000000 1.142311 0.789603 1.159529 
2.000000 1.174423 0.927673 1.030822 
2.000000 1.174423 0.900309 0.858998 
2.000000 1.174423 1.021240 1.385372 
2.000000 1.174423 1.193974 1.034645 
2.000000 1.174423 0.822179 0.885387 
2.000000 1.174423 1.013241 0.865848 
2.000000 1.174423 1.193163 0.724989 
2.000000 1.174423 1.017273 1.224303 
2.000000 1.174423 1.508590 1.193453 
2.000000 1.174423 0.689929 0.943559 
3.000000 1.176300 1.124599 0.823378 
3.000000 1.176300 1.195420 1.025881 
3.000000 1.176300 1.413357 1.203659 
3.000000 1.176300 1.029790 1.074167 
3.000000 1.176300 0.879008 0.924715 
3.000000 1.176300 1.201967 0.912398 
3.000000 1.176300 1.066648 1.141718 
3.000000 1.176300 1.004927 0.834007 
3.000000 1.176300 1.025727 0.991633 
3.000000 1.176300 1.018219 0.982594 
4.000000 1.195595 1.026886 0.671771 
4.000000 1.195595 1.113087 0.988645 
4.000000 1.195595 0.742188 0.827759 
4.000000 1.195595 0.837179 1.075420 
4.000000 1.195595 0.855551 0.773796 
4.000000 1.195595 0.844567 1.218671 
4.000000 1.195595 0.755812 0.658484 
4.000000 1.195595 0.628611 0.902364 
4.000000 1.195595 0.908982 0.791577 
4.000000 1.195595 0.968201 0.765425 
1.000000 1.198158 0.765650 1.159661 
1.000000 1.198158 1.148326 0.702912 
1.000000 1.198158 0.869690 0.942717 
1.000000 1.198158 0.971131 0.739910 
1.000000 1.198158 1.271841 0.876772 
1.000000 1.198158 1.164696 0.806967 
1.000000 1.198158 1.308699 0.891342 
1.000000 1.198158 1.144591 1.302866 
1.000000 1.198158 0.944710 1.172290 
1.000000 1.198158 0.811465 1.296313 
2.000000 1.231766 1.325963 1.002338 
2.000000 1.231766 0.922374 1.061200 
2.000000 1.231766 1.087486 0.574257 
2.000000 1.231766 1.010604 1.071903 
2.000000 1.231766 0.877335 1.019141 
2.000000 1.231766 1.056403 0.972728 
2.000000 1.231766 0.922252 1.204773 
2.000000 1.231766 0.677737 0.899323 
2.000000 1.231766 0.800264 1.249360 
2.000000 1.231766 0.929729 0.919634 
3.000000 1.236977 1.152165 0.960551 
3.000000 1.236977 1.138331 1.078773 
3.000000 1.236977 1.108274 0.980372 
3.000000 1.236977 0.787906 1.117447 
3.000000 1.236977 1.295166 0.912052 
3.000000 1.236977 0.925069 1.150246 
3.000000 1.236977 0.760356 0.807807 
3.000000 1.236977 1.438993 1.086043 
3.000000 1.236977 0.876516 0.662758 
3.000000 1.236977 1.209066 0.950494 
4.000000 1.251160 0.970416 0.714076 
4.000000 1.251160 0.990390 1.334066 
4.000000 1.251160 0.958974 0.669144 
4.000000 1.251160 0.958735 1.009426 
4.000000 1.251160 0.751180 0.595482 
4.000000 1.251160 0.974411 0.791440 
4.000000 1.251160 0.966404 0.848677 
4.000000 1.251160 1.350854 1.014204 
4.000000 1.251160 0.871982 1.083683 
4.000000 1.251160 1.120820 1.109527 
1.000000 1.254608 0.845737 1.184983 
1.000000 1.254608 0.550622 0.856365 
1.000000 1.254608 0.957385 1.000233 
1.000000 1.254608 1.024433 1.088579 
1.000000 1.254608 1.151886 0.834416 
1.000000 1.254608 1.069955 1.260480 
1.000000 1.254608 1.068860 0.786519 
1.000000 1.254608 0.729085 1.236325 
1.000000 1.254608 1.129900 0.849143 
1.000000 1.254608 1.235558 0.914748 
2.000000 1.286003 1.018858 0.879714 
2.000000 1.286003 0.571012 0.892584 
2.000000 1.286003 0.950311 1.346659 
2.000000 1.286003 0.883070 1.112697 
2.000000 1.286003 0.931372 1.189829 
2.000000 1.286003 1.105932 0.842981 
2.000000 1.286003 0.922830 1.107153 
2.000000 1.286003 1.289923 0.943381 
2.000000 1.286003 1.068138 0.678659 
2.000000 1.286003 0.954319 0.936098 
3.000000 1.291237 0.791590 0.898189 
3.000000 1.291237 1.093031 1.086708 
3.000000 1.291237 1.034315 1.258707 
3.000000 1.291237 0.610964 1.520457 
3.000000 1.291237 0.770150 1.223311 
3.000000 1.291237 1.223130 0.972036 
3.000000 1.291237 0.703638 1.033972 
3.000000 1.291237 1.153034 1.104036 
3.000000 1.291237 1.240694 0.834441 
3.000000 1.291237 1.160142 0.818603 
4.000000 1.307632 1.067382 0.763667 
4.000000 1.307632 0.915983 1.058789 
4.000000 1.307632 0.842688 1.258057 
4.000000 1.307632 1.166884 1.285408 
4.000000 1.307632 0.948336 1.021599 
4.000000 1.307632 1.059670 1.202724 
4.000000 1.307632 1.093478 1.094782 
4.000000 1.307632 0.862576 0.924271 
4.000000 1.307632 0.901409 0.651901 
4.000000 1.307632 1.019997 1.017965 
1.000000 1.311737 1.225301 1.053210 
1.000000 1.311737 1.243555 0.811266 
1.000000 1.311737 1.107172 1.210338 
1.000000 1.311737 0.899421 1.157469 
1.000000 1.311737 1.230842 0.777155 
1.000000 1.311737 0.926003 0.959880 
1.000000 1.311737 0.991270 0.910538 
1.000000 1.311737 1.045455 0.791974 
1.000000 1.311737 1.062419 1.042485 
1.000000 1.311737 1.062078 1.073243 
2.000000 1.340233 1.154585 1.042956 
2.000000 1.340233 0.834558 1.367647 
2.000000 1.340233 1.210829 1.035572 
2.000000 1.340233 0.753898 1.076081 
2.000000 1.340233 1.003164 0.994658 
2.000000 1.340233 1.306591 1.072895 
2.000000 1.340233 1.064660 0.987349 
2.000000 1.340233 0.950221 1.093080 
2.000000 1.340233 1.139108 0.973671 
2.000000 1.340233 1.149145 0.977410 
3.000000 1.345589 1.058108 1.129136 
3.000000 1.345589 1.013914 1.027863 
3.000000 1.345589 1.323261 0.647129 
3.000000 1.345589 1.208881 0.698203 
3.000000 1.345589 0.885088 0.640077 
3.000000 1.345589 0.900911 1.197932 
3.000000 1.345589 1.056888 1.098465 
3.000000 1.345589 0.934167 1.077425 
3.000000 1.345589 1.142763 1.010350 
3.000000 1.345589 0.858880 1.078149 
4.000000 1.363464 1.013993 1.239333 
4.000000 1.363464 0.955766 1.014160 
4.000000 1.363464 1.041763 0.876984 
4.000000 1.363464 1.055347 0.982597 
4.000000 1.363464 0.847140 1.113081 
4.000000 1.363464 1.191687 0.938206 
4.000000 1.363464 0.772011 1.071723 
4.000000 1.363464 1.118115 0.704069 
4.000000 1.363464 1.120066 0.901484 
4.000000 1.363464 0.919746 1.000319 
1.000000 1.368210 1.042987 0.922343 
1.000000 1.368210 0.691661 0.844923 
1.000000 1.368210 1.084439 0.627842 
1.000000 1.368210 1.145743 0.554095 
1.000000 1.368210 0.993074 0.987072 
1.000000 1.368210 1.103547 0.733341 
1.000000 1.368210 0.852595 1.335754 
1.000000 1.368210 0.855207 0.929304 
1.000000 1.368210 1.419119 0.822123 
1.000000 1.368210 0.918126 1.185875 
2.000000 1.394539 1.059694 1.054418 
2.000000 1.394539 0.791098 0.699873 
2.000000 1.394539 1.066994 1.040558 
2.000000 1.394539 0.983096 1.005397 
2.000000 1.394539 1.124391 0.796552 
2.000000 1.394539 0.678067 0.759534 
2.000000 1.394539 1.108314 1.348408 
2.000000 1.394539 0.749905 0.689063 
2.000000 1.394539 1.006147 1.123600 
2.000000 1.394539 1.344503 1.087871 
3.000000 1.399757 1.042779 1.320417 
3.000000 1.399757 0.555247 0.633996 
3.000000 1.399757 1.041347 1.025304 
3.000000 1.399757 0.966769 0.994996 
3.000000 1.399757 0.594191 0.710711 
3.000000 1.399757 1.199883 0.779331 
3.000000 1.399757 1.209384 0.951858 
3.000000 1.399757 1.020789 1.168128 
3.000000 1.399757 1.158940 1.085596 
3.000000 1.399757 0.882551 0.921449 
4.000000 1.418266 0.958890 0.961325 
4.000000 1.418266 1.091894 0.723721 
4.000000 1.418266 0.930415 1.401045 
4.000000 1.418266 0.959007 0.952458 
4.000000 1.418266 0.944223 0.521947 
4.000000 1.418266 1.290893 0.873592 
4.000000 1.418266 1.045865 0.916003 
4.000000 1.418266 0.868099 1.166860 
4.000000 1.418266 1.057912 0.943412 
4.000000 1.418266 1.181439 0.970171 
