# Created by Octave 3.0.0, Tue Feb 12 12:07:57 2008 CET <michael@yosemite>
# name: rates
# type: matrix
# rows: 2291
# columns: 2
 -0.004412021411195455 -0.008956620556012318
 -0.01060020183752564 0.01455837796883053
 0.003089070587529358 -0.009711841826300471
 -0.01016111386141075 -0.00152322954052142
 -0.001732502165852912 -0.0244169153042435
 0.001213066607467839 0.02933664435596572
 0.01290562522014529 0.0123266758344851
 -0.0007696583952007119 -0.001852587535277728
 -0.008419293719025334 0.008265963350413408
 0.001637860803192198 -0.0037727616586265
 -0.003019195737502395 -0.002728754829079527
 0.0001727712512935853 0.00264084660520858
 0.0004317975800066098 0.007880951472854392
 -0.001382409067571366 -0.007441487611683506
 0.0009506114875647564 0.002019049977036502
 -0.008326876111916542 0.01384737998506314
 -0.00751883241402726 0.006379881972670809
 -0.002108408055061767 -0.003098642520636297
 -0.005998077433991639 -0.007875760125965137
 0.00220935974276984 -0.02614470468381214
 0.0009705740383386952 0.003027876567468724
 -0.002914552736603571 -0.003830910293424417
 -0.002036390096790006 0.009859297344378071
 0.001151512594577103 0.01090024857216054
 0.0003540449674085955 0.0003496503532129935
 0.002739606680134704 0.0002621575581924773
 -0.002474155189835361 0.002181977736749552
 -0.001859641890809699 -0.003318490513713357
 -0.008277382492200322 0.03236082723055045
 0.003657615924767696 0.00801320132762573
 -0.0006235247162329621 0.006615054475990867
 -0.01327492810291958 0.009799928940962488
 -0.003437051140452355 -0.005386381367660675
 -0.00399455819402024 0.009098491219100779
 -0.001912133521369916 0.00369838103904474
 0.008711488849322713 -0.02189505279226633
 -0.006617437917955035 -0.004706682079337554
 -0.009503863913175092 0.009140908127617031
 0.003666029218149028 0.005660549535521753
 -0.00394152396253343 0.009993888672276796
 -0.005895374480678006 0.01484650811699417
 0.001753819621557989 -0.007558860714958371
 0.005151331417129743 -0.006876817931568802
 -0.002388389891562315 -0.002714598796107026
 0.008060866217974055 -0.01293335885648883
 -0.002649250167764877 -0.002255545837420492
 0.0003658313558268234 -0.004862517964426161
 -0.0005487972332011842 -0.01090044170083093
 -0.001373312186540035 0.0003397893338838998
 0.009119990252399235 0.003476200032801913
 -0.002272211838776392 -0.005261383488154081
 -0.006115110554123851 -0.004092426207843225
 -0.0007326678594989922 0.009269167942169254
 0.000274813357658818 -0.001016260250066736
 0.000274737856025456 -0.005693179331990095
 -0.004588847993728135 0.005947341234489478
 -0.01184431353745791 0.01888035944911159
 -0.002516428002042964 -0.004331896144317504
 0.001491980881015237 0.002668002249621715
 0.007056668094520074 -0.01400266035253406
 -0.002408523628420686 0.01475175523129391
 0 0.003405460328387733
 -0.007073745058287492 0.01154176044017152
 0.01225414517273302 -0.01038157136497642
 -0.004994922973971305 0.004957049145871473
 0.004718080818371037 -0.004046415364659772
 -0.004532638073287007 0.00198396361678288
 0.00517848392311121 -0.007876341344259963
 -0.005734915357295325 -0.0008327088498480961
 -9.27686813597256e-05 -0.009626324701713429
 -0.005768531068631344 0.001260875214327939
 -0.002709648936570205 -0.009962091675014051
 -0.007513183350783229 0.001102395702060832
 0.002071758910349851 0.001609010805700528
 -0.001694756078363363 0.0132808541938445
 -0.00132013220492274 0.0006677796575358386
 0.003391111011576235 -0.00485153607394917
 -0.004146255468831607 -0.001090649883690453
 0.005555831419931642 0.00919124117554837
 -0.0031036940033402 -0.00919124117554837
 -0.002357713168374374 0.001090649883690453
 -0.002552589426646316 0.001424441985375502
 0.00066240835164013 0.005927303741679602
 0.002079002827833042 0.006636825423051995
 0.01229081475935392 -0.0002480876589112668
 0.005115576425778562 -0.001158556898872121
 0.000185528757489492 8.279859247117827e-05
 0.0005563798363110717 -0.0008282945888939963
 -0.006230549750636014 0.002317498140362417
 -0.005050043464245521 -0.0008270614978105328
 -0.003757284149658986 0.006679610865945484
 0.00225606412668259 0.007940772764200688
 0.002063597017833763 0.005123836999869624
 0 -0.0002433978349616339
 -0.002909024713673318 0.009770355085134241
 -0.001034272105738004 -0.002413516859425258
 -0.004998360007940607 -0.002015723319079399
 0.001511573268443055 -0.002666991518997186
 -0.0005665722531162792 -0.005599527716737107
 -0.01101730205591774 -0.006941353255613514
 -0.003060738879163534 -0.006247451475048571
 -0.001629835939138506 -0.003221146704215805
 0.002587323564950873 -0.001076025431801853
 -0.008843660445231924 0.003224609020119118
 -0.0001931247591942797 0.002967361227801391
 -0.002707670158280683 0.004024811380043403
 -0.003006354395441276 -0.005589821377817827
 0.01369752292739594 -0.0118580103343664
 0.001148985189598391 -0.00568848781721254
 0.002580399960008001 -0.002940560825046568
 0.003715528496806918 -0.005991831927113722
 -0.009554821401421353 0.01894917099563109
 0.000383950859007387 0.001908476702571882
 -0.01177733470127123 -0.004986298040038584
 0.003005771400546666 -0.004676417708121328
 0.003768666585422492 0.008418470222451013
 -0.004349724126465802 0.01482973297105072
 0 -0.004918849071596121
 -0.0006783274643546063 0.003036148887931134
 0.005413779657319439 -0.001804166472652469
 0.007300704857657346 -0.004524708472255057
 -0.007204296084384103 0.000164894055942888
 -0.003476584863343325 -0.004047752418531836
 -0.002615393557479296 0.001075491313594412
 -0.007203379731326034 0.0004133427083194974
 0.0007812500397363469 0.001156451475324616
 0.0004879715121470299 0.006664771450958895
 -0.002442242214246854 0.002048089848760704
 -0.00254627500221493 0.003105085024643017
 -0.001177394170551207 -0.001633053355496905
 -0.004624854491970063 -0.001226542530806896
 0.003642632627323623 -0.006896579059060493
 0.003825221671819066 -0.006612687346449597
 0.0004893565059729404 -0.0007466711260750714
 -0.001664790082390313 0.004058480743583281
 0 -0.01499028735993502
 0.02104524163205282 -0.002015791040385295
 0.0101213506063663 -0.00581813690640498
 -0.001616354048127794 -0.00832205889906934
 -0.001142530829798663 -0.006501862241123924
 0.01456428240736787 0.001286615093642141
 -0.002255852070470521 -0.003692734669875186
 0.001598420724884676 -0.0005163511302326285
 0.007021514593939744 -0.008471696586968669
 -0.00233503118284277 -0.004262914803089934
 -0.00309061355820163 -0.001657868710077004
 0.001780610563710733 0.005139160302588763
 0.008020186606716703 -0.007850018505926926
 0.002504755704443654 -0.001928302815056071
 -0.002133284674912042 0.005424809873785463
 -0.007081654641757418 0.006696550658558564
 0.005408947254253935 -0.008093686757288054
 -0.00859336504309513 0.005750647545927023
 -0.002253945356925066 0.00571776659539136
 -0.006413906160749314 -0.0008642295931560184
 -0.001041420212466289 -0.007202078941974221
 -0.003035767439112762 -0.005676623251984481
 -0.001902045271481377 -0.01660228879171566
 0.01305106476194354 -0.01038319389262288
 0.001033009435900033 0.00269566161977508
 -0.009525228805854248 0.002598917087696329
 -0.004463657157183276 -0.001791633552801208
 -0.004292466170145948 -0.003143103481122012
 -0.001913693053650516 0.005829351514774039
 0.001818095328803566 -0.001342222026035067
 -0.001435063628247787 -0.004936951816507218
 0.01293654491349558 -0.01660429201506197
 9.450455991533852e-05 0.0004573519402839565
 0.01006073080986863 -0.001006450517272661
 -0.007889587275162875 0.007750916476807923
 -0.002265648094621098 0.007511007665264913
 0.0008502196912903645 0.0006308864163111494
 -0.004448027018502415 -0.02730888003966836
 -0.01346403724393188 0.009216655104923532
 -0.0001922892035537277 -0.02611793981338906
 0.0007689350628770839 -0.008131663567303882
 -0.002212283882128491 -0.01482500490885652
 0.003172621994924248 0.01263900394331152
 -0.001825431644904091 0.01735565163768005
 0.0008650935321083339 -0.004874400352361974
 0.004983717426572783 -0.01486277182029472
 0.003816798526700853 -0.007851438265125132
 -0.00812818245054233 0.001440853234242034
 0.004884833237080645 -0.0003840245822930299
 -0.003349766256182087 0.01836310578262612
 0.007449891189625441 0.0006597238823697893
 0.00984763189622595 0.006198949126345887
 0.002822734279221917 0.0001872483855294149
 0.00702217201375132 -0.01642321009428471
 -0.001400495070420005 0.01201357682890691
 -0.0009347542277191034 0.005719391147441577
 0.001028181611353179 0.005407938587844718
 0.001586931488230095 0.001208122446093363
 -0.008524242520246243 -0.002697048833202764
 0.01001552809814202 -0.0102968241028103
 0.001953943399052374 0.01094850219690713
 0.003803873399571847 -0.004570690294832147
 0.008115879648420213 -0.0144077072048292
 -0.002206897447429093 -0.004753764419039186
 -0.00276548848818356 0.005417491746301906
 -0.006296900147103948 0.006236437107831172
 0.003986469841571347 -0.001885725620083711
 -0.01210105057990316 -0.001416631487798803
 -0.001124437899584094 -0.004356892665872358
 -0.008284739534622221 -0.004948149785716005
 -0.004358131009725361 -0.005644057647891998
 -0.001235095876925767 0.008501746771149676
 -9.507058998460549e-05 -0.008022199454617684
 -0.002284409902632387 -0.0009593247090293744
 0.00114285726724965 -0.0003839877171110118
 -0.002000858177886519 0.008128182450541921
 -0.00430108189939056 -0.00496468462940225
 -0.003838776307165684 0.01755180013487401
 -0.003564035945246645 -0.005280540323033378
 0.003660185168915725 -0.008640798195575172
 0.003359411903485987 -0.002673798384401849
 -0.01166222075126686 0.007240885295258792
 0 -0.004376374599798893
 -0.0002908808863290625 0.009017193650188382
 0.008785960451872011 -0.003407480817109843
 -0.01024163541414435 0.003596445292351369
 0.00155264465931822 0.002641760192856779
 0.001356589355334836 -0.0119432699274169
 -0.006411523809194776 -0.006409358527047715
 -0.008318294282305721 0.00402260862319892
 -0.003839910197503757 -0.02350091231834739
 -0.003656672553048855 0.002345812824325222
 -0.002279824548948352 -0.006169534332021165
 -0.001787843146064228 0.00558359681525733
 -0.003585304109472053 0.003121040278524667
 -0.0006986376849863849 -0.00136425669181417
 0.02328899414408181 0.005348906504524464
 -0.002930548155736745 -0.006910339436188906
 0.004002934317489486 0.005648632081934224
 -0.009988332159832958 -0.003892191349340379
 -0.0002952901246910493 -0.00165877971391204
 -0.003747908519733804 0.008363366846095843
 -0.005250916112033315 0.00203163616535651
 -9.933939311798992e-05 0.00067629585689577
 0.01018046845483212 -0.004840749117711596
 -0.007997278146381953 0.002229655327268709
 -0.002183190308450164 -0.005340077741661453
 0.002678705902554341 -0.006445964305825669
 -0.001288851613499967 -0.00520655432269379
 0.008102010528317579 0.001967923492525614
 -0.003351407769719848 0.01192118866814162
 0.0007895776170176866 -0.00829070830317935
 -0.00673136574576863 0.00088110045349854
 -0.002287079006171668 -0.001370936368264353
 -0.00209278067313055 0.002739995842810039
 0.004578489136703686 -0.001662673374379864
 0.008405488301877253 -0.004512908669769722
 0.01505110508189952 0.01357509005377899
 0.002518893019484068 0.006574518508894123
 -0.001064911277364251 0.01359132713399536
 -0.002910080625804543 -0.0001901502192458437
 -0.004088392728738306 0.001045379045070405
 0.006804731224710845 0.007664322894172848
 -0.003980008165953928 -0.003115414367803382
 -0.001070507620114708 0.003115414367803382
 -0.01392315853864648 -0.002170324041338212
 -0.0006913921950561577 -0.003501304736124311
 -0.0005930025870552851 -0.0009484067478719993
 0.00177795384647173 0.0005691519789383648
 -0.003262000618966808 -0.004657581729005322
 -0.008052133570087827 0.005321183213280456
 0.002193420620173292 0.003311417946229689
 -0.002992222459952493 -0.0001889287744143431
 -0.01216034280272601 -0.008920157837479792
 -0.01271958130597844 0.02112688217619141
 -0.0008195882028292981 0.001678478573847286
 -0.002668310285961088 0.003162793334192671
 0.00379507096855165 0.006757095177920114
 0.01210902610659237 -0.004437877106045818
 -0.01292836248999483 -0.003527340517967659
 0.002353785050290623 0.01118879858726096
 0.008042802326642612 0.007694459506507378
 0.005258911796447763 -0.004389581808293741
 -0.004954760123803383 -0.003396835949232901
 -0.001826299208913673 0.002296423183445917
 -0.00652065479037332 -0.003124428198781004
 0.005199583514455968 0.0009199632663543511
 0.000813173454038741 0.005776387949833151
 0.002131439528069995 0.008103845851960223
 -0.001318926787858924 0.005516631671006245
 0.02109570948759565 0.001441961316901441
 -0.004283515041965957 0.0006302048374227098
 -0.00862247170840571 -0.001441052217313832
 -0.01706144767768712 0.000270355519151444
 -0.009674838742123899 -0.01644370460557631
 -0.00269262797316306 0.006482560934894188
 0.005893621981089697 -0.02562588377336983
 -0.008385576338858614 0.002517835992341233
 -0.0001039663150076073 0.003996845028853002
 -0.001560793199635147 -0.0005567412225095936
 -0.004487822592525864 -0.01439680844454916
 0.001672241192362152 0.00647615947801583
 0.01121507082014007 -0.004124876946365319
 -0.002584915878653268 -0.001692365954885311
 -0.001139483212329213 -0.00897969075649474
 -0.0004146796659049642 -0.004472577280179912
 0.005377469008034003 0.006938202047541253
 0.001442852976274861 0.0004734624396007803
 -0.00164914488004923 0.004439623784866065
 0.00164914488004923 0.003762939529543097
 -0.0007211662600710537 0.003842373875928118
 -0.00983903126548006 -0.001310370835197361
 0.008601534974730554 0.006348634898309058
 0.003399436701464014 -0.001863065280393705
 -0.008157410096184547 -0.001119507533659636
 -0.003219276885923439 -0.0115477976671059
 -0.009405440847152613 -0.00283688133519977
 0.007322974455255836 -0.0006630985891620256
 -0.002086812109554893 -0.02689108545482632
 -0.001463363907007437 0.02014040614584722
 0.002924589508828034 0.004853685474430769
 0.006134669616278621 -0.003137928690927438
 -0.006969394205647399 -0.00209743617744973
 0.001043296912577679 0.005235364868377168
 -0.0002085723232089012 0.009825303415123443
 0.0003128421736761228 0.005437853264840697
 -0.004179297693213568 -0.01024396909857295
 -0.002830932427984094 -0.00094509032646517
 0.004191120971461952 -0.006069821367075789
 -0.001464895103439487 -0.008886399312208582
 -0.007673344004581022 0.003831789342084946
 -0.01146144351900664 0.003340813492388683
 0.0007468658656056143 0.004848148666217966
 0.00031991469214461 0.004069470434116873
 0.001810919269864951 -0.002079985622731151
 -0.01404020705934326 0.0004731040444019285
 -0.005194254725795946 0.00706983196403943
 -0.01464507049145064 -0.0009397613697919027
 0.0006603566165568758 0.01511645841532161
 0.003404912949606681 0.008392173567829175
 -0.005718071440957442 -0.002390585912309895
 -0.01971220350628068 0.004683849312425714
 0.001797955310730556 -0.008927398115887719
 0.005151187202286439 0.003322568815725901
 -0.0003351393652549078 0.004596441260366291
 0.008123340725599615 0.005305537509341818
 0.008167815827561112 -0.002557779781238168
 -0.008389496165423033 -0.007897194394267615
 0.00651899993870024 0.002486074665648097
 0.006367350527877749 0.006782172454704138
 -0.009345348647776405 0.002463167782802422
 -0.01468814656165689 -0.002006567619625699
 0.003468923077977693 -0.007606690208491251
 -0.0006704659989677925 -0.01679152584130961
 0.01001009359510048 0.001215464597304816
 -0.0004427717583958962 -0.002807150715845808
 0.007060929600873983 0.008026174677783438
 -0.002642009462838615 -0.0009299730978060694
 0.0258963443035795 -0.002795119680586211
 0.0004295532712097067 -0.006928217957216098
 0.001501985047951057 0.01213947114289926
 -0.002253824404563134 0.009238794465386668
 0.01334135803149646 -0.005440559318706129
 0.004126335008894505 -0.006586600184085967
 0.0103987072208985 -0.01689546478605042
 0.003129893008927666 -0.001326134512810384
 -0.005431389997206874 0.003406513513720455
 -0.00230680609791499 0.008653176642198446
 0.001887782416946364 -0.001218198154680827
 0.007827624374863479 0.001311844266094653
 -0.003019420275131683 0.0009359791024001751
 -0.006276171229236113 -0.003467507340122467
 0.01230592231871892 -0.002820345951478842
 -0.002698496707567596 -0.004529164186949153
 -0.006778272993219411 -0.003030879380243157
 -0.01073016817362178 0.0007585814890607168
 -0.006046801429796883 -0.01048127746758265
 -0.004265308236599437 0.00181826931763851
 0.002561367462241809 0.01017844696999237
 0.006586659317000185 -0.001231119053170637
 0 -0.0001895375289979739
 0.007489881524846323 -0.003988609276495581
 0.003147956429598128 0.009941851522243361
 -0.001992554799042298 -0.004721889970817017
 0.00230680609791499 0.01195027159647655
 -0.002201835751941328 0.004293454420635889
 -0.004523704521483249 0.004089605104982574
 0.003893717100395204 -0.006607441097323807
 -0.002523926042738829 -0.001588562685137518
 -0.01015989266440157 0.01328460244832907
 -0.006616886468833114 -0.0008309098940877391
 0.003740719372933632 -0.003608609051277689
 -0.002456610047204627 0.006007134186394758
 -0.003106091502760533 -0.002121478450979097
 -0.009160040340076253 -0.0009237875945631302
 0.00593665729768976 -0.002869176849133126
 0.005473584902655856 0.01096936841413942
 -0.00310875525063313 -0.001467890171828579
 0.008233139262291106 0.003482727376933781
 0.002339928742606634 -0.0001829993600130919
 -0.008749522313198241 -0.001190312826526707
 -0.009151164685851296 0.004387976690495066
 0.002160761428422933 0.000455975567610345
 -0.004109446682949422 -0.001916496137592816
 -0.009910236295023703 -0.006414978010706562
 -0.01045171514407006 -0.003776543888864836
 0.003642991278501026 0.001659751418364053
 0.003300333028656802 0.004137366265961617
 -0.009490249996000094 -0.003216471090834006
 -0.003109386180935286 -0.006001033565717684
 0.009519664541854267 0.006553163882495383
 -0.003421070488838759 -0.0001840095690166521
 -0.0009954101358326806 0.007699396422045979
 0.01078592891015132 -0.004759298751049634
 0.0008753693523195077 -0.004136985904843016
 0.0009838754551525775 -0.0006450721322153186
 -0.009220701992159477 -0.0004610207079949191
 -0.00453164632926481 0.0009218289738335272
 -0.006891979258921641 -0.001752202228170852
 0.0002230649128143886 -0.01225869734659391
 0.006779686985378758 -0.001215464597304816
 -0.0004431641995862462 0.002616090439051533
 -0.002440919884962117 -0.006740967385416852
 -0.004007129137493251 -0.002351282531650511
 -0.004695369162961649 0.002539146518676816
 -0.005167970158442517 0.001782949845940962
 0.01287019052053487 -0.008284739534622609
 -0.01309549186203098 0.0009449117210671432
 -0.01979812077185909 0.001887149078651618
 0.004357305368955761 -0.009281248554646737
 -0.008733679968754654 0.008809795054800951
 -0.004627495532048026 -0.0005660377509615344
 -0.003252035386377361 0.00901837958182039
 0.005105604035700179 0.00168192900797326
 -0.002665586558334432 0.001306214031587594
 -0.00523591864629927 0.0007456426853069686
 -0.005732686071170029 -0.004295057956627879
 -0.001056524134199849 0.001402590346353705
 -0.006126315108084979 -0.002338744692948147
 0.01128096569674944 -0.002532003040730757
 0.02708943240223993 0.01343053204101707
 -0.006274619867620873 -0.002876097914290554
 0.00877348532058933 0
 -0.001135073901664091 -0.001766867061224531
 0.002382168899186118 0.001395154390835707
 0.001245541688511889 0.002877165658270897
 -0.00351414520230528 0.00839836969883212
 -0.007408707735211267 -0.001379500839544079
 -0.00171752489693297 0.005781158565205224
 -0.004709675008349595 9.14954939110757e-05
 -0.0005758710208094986 -0.004493153219572221
 0.000230388205142984 -0.00839836969883212
 0.003793762094582515 -0.002505452987882073
 -0.008180240327344823 -0.0004646624311099856
 -0.008831105499191833 0.0008362369825292149
 -0.009263125389616905 0.005834160179318815
 0.002118146237916563 -0.001386001607876608
 -0.01372965110581501 -0.003427039893717065
 0.001786033694992667 0.007118783818949481
 -0.0007140307336570839 0.004503891063976972
 -0.004294924282880697 -0.005425550115393918
 0 -0.003417543620940044
 -0.01130227253078731 -0.0002776106990483029
 0.0001209116741694438 0.002864934263999253
 0.01619031587315564 0.003592652751899017
 0.00308825521608147 0.002204464932426653
 0.006383754981126699 0.001466948094733134
 0.01148225854826426 -0.006157258803868082
 0.001164280024406023 -0.0008299903644264361
 0.002324501279115487 -0.007501076982562083
 -0.00348878130352151 -0.002233390096414212
 -0.0001165025923145491 -0.0003727171120297967
 -0.002800141836610232 0.002513148807261167
 0.001751007276312805 -0.001488510833958401
 0.005930594741638068 0.003902625284025518
 -0.002089137250086054 -0.001206328731638173
 -0.003958095970718611 0.004169568236725318
 -0.0003499970869304259 0.005532517569725393
 -0.004443932000584322 0.003029888008594384
 -0.001877053577871018 -0.002018904971333946
 -0.003529000251099923 0.008506797240587005
 -0.003305007729836301 0.004543810071414356
 -0.00414667971707014 -0.001179405897655528
 -0.00487950983034699 0.01101392374112287
 0.01397961399339104 -0.006123938446931376
 0.005514180687610198 -0.004254747739366849
 0.003503857824403517 0.009480455639963026
 0.0135489305583158 -0.003150175864618632
 0.008133385806597504 0.001981268659636548
 0.01247181698828168 -0.0007200072311768224
 -0.008032171697264251 -0.0006304318666945363
 0.008257498421967158 -0.005238924456435257
 0.001575867052819591 0.002532562858692522
 -0.005978922430453684 0.005315567270742783
 -0.007609781739303698 -0.004683427456492417
 0.0004559443826848975 0.006568611371331912
 -0.002281803614114342 0.008039346559417737
 0.01169603976319138 0.000177920114337482
 0.0137902291878062 0.001155709778812408
 -0.00580682815373329 -0.004363125215602892
 -0.003028435941416829 0.004363125215602892
 0.01737237454035961 0.0002665126831393749
 0.00594388101085884 -0.003559355955689902
 0.01286682236987981 0.005068254302597275
 0.006694766393401913 0.00768656874619289
 0.001290600308200565 0.005091750092929281
 -0.005064393131289133 0.003671011901681176
 0.01405225590370288 -0.002358388654800869
 0.008168506672509131 0.003317621342261212
 0.0008448622321112764 -0.004104988514734842
 -0.002642567998336308 0.01053420266744798
 0.009166160157321253 0.006216026231006033
 -0.005152211596992438 -0.001895245226158693
 -0.009426538054462058 0.005760731291736043
 -0.001064736046073156 -0.003263205987143358
 0.01406909544841915 0.01111977927751173
 -0.003577821347883939 0.001699813429850039
 -0.01187712795487557 -0.00408441684222538
 -0.007280546078057643 0.00908209782165148
 0.01493201805146861 -0.004827858443567479
 -0.008825619517173269 -0.004680660432688555
 0.001174147543762299 -0.005217031289726393
 0.001598891775895964 0.002825707236177699
 -0.01405074866733162 0.01046239288734085
 -0.00422147079262139 -0.01080447789880079
 -0.0006510416896623322 0.002136113940804485
 -0.003479398965232042 -0.004191085123766314
 0.008999789669076455 -0.00791674386942276
 0.004738324609405833 0.005513927987541578
 0.008131865911129091 -0.009149036716037173
 -0.002881385057398475 0.002770804439600205
 0.004052906571652762 -0.005723220616874691
 -0.009733217649065332 -0.0009570627606594329
 0.00289777503552166 0.01151079393486842
 -0.01587935067467437 0.0007741602898363453
 0.008996863027343718 0.01086084135503107
 0.002155870189316927 0.0004251881521604162
 -0.008977400620751794 -0.002724333372380094
 -0.0007608282525589372 -0.005556757191991224
 -0.01533940452774912 -0.00843668916012863
 0.01152655607173901 -0.001817159674522451
 -0.007229739016315517 0.0009522573545623914
 -0.002091014903744748 0.00758558934299991
 -0.0008817370790593915 0.0006867542548221195
 0.002862807504654813 -0.003266291368754004
 -0.0002199252263097723 0.004124071486540259
 0.003841725815998676 -0.003693686285147102
 0.009160369398664325 0.009251393720529855
 0.008539207700736684 0.000426239297190989
 0.005260062581575839 0.01463709028971216
 -0.0054753478353676 0.0001679684223310218
 0.002580369134137075 -0.00176507715504215
 -0.004196487570251692 0.008293936037506278
 0.0007545136439867095 -0.002924345151249952
 0.003656704440295977 0.001672101384489366
 -0.001611603894341465 0.007655858314013386
 -0.01647912399867567 -0.003570987476185117
 -0.001641048450992749 0.006385558870650065
 -0.00957155665389052 0.01036193481741421
 -0.01301826452057198 0.005059583178017135
 0.006252113700442929 -0.002281803614114786
 0.007650128778244503 0.001304525256343503
 -0.009320972943062056 0.007225523621710472
 -0.009971512794337722 0.001778065610289481
 0.005054202930711058 -0.009737175277858334
 0.003243669305596955 0.001385211058734015
 -0.005037794029957104 0.001464605632026661
 -0.00314748461280745 -0.003012908919777679
 -0.008479897046588039 0.006746073456646684
 -0.001477189064704149 0.01678821709819722
 0.00340561119258298 0.009592209581906985
 0.0119411129372064 -0.01062827263533439
 0.009251584685865011 -0.0002392439901361954
 -0.00411363079393226 -0.008409804880975535
 0.002892426090400496 -0.002415849137608284
 0.00133214939771556 0.00658954489854402
 -0.01452701823627553 -0.002967956295701235
 -0.00315671062584516 0.002727639075815524
 0.007424941299737198 -0.01055057505597379
 -0.003818084368744104 0.005168387504252969
 -0.002929579560031176 0.003939070168262226
 -0.005431106357502533 -0.007812854368472344
 0.0002268859907635368 -0.01073093786528467
 0.01049374932794801 -0.003930887053270382
 0.01371182510885414 0.005319379129163693
 -0.008003599860521779 -0.006879634013536418
 -0.001563721976182805 0.003281919585108817
 0.002902111647305569 0.001064308913762524
 0.004337436594938404 0.007499831354870423
 -0.009701776682614238 0.005103498460030664
 -0.005618623613568338 -0.001536409148711115
 0.007074309442537272 -0.0134427051777628
 -0.001343634733552257 -0.0016417669095663
 -0.00381679852670079 -0.004363763048374381
 0.004824693790924969 -0.001155878596327931
 -0.002016807406304541 0.002392839130084035
 -0.007655970743643339 0.002633746378407409
 -0.0003391171682304711 0.004837859462422323
 -0.006010110510428324 0.003755719633474541
 -0.003760473920368296 -0.001712818003674066
 -0.0012566403664305 0.005048459545841766
 0.004562051707842379 0.001136456003473008
 0.006125940881687636 0.002673690067547696
 -0.001584607009561451 -0.007390296355593406
 -0.00613568565046782 0.008037388507914578
 -0.001368613352315473 -0.006164347527076508
 -0.01205594715806996 -0.0009768010544677352
 -0.006838624159546947 -0.01973910622548658
 -0.003261885464401398 -0.001995510764456476
 0.0008164693985960592 0.004981330350203983
 -0.003503857824403517 -0.005397563446744691
 0.003387260144565252 0.001414486236587464
 -0.01420962197790254 -0.01162463435307615
 -0.0003548825967334412 0.00210075284182043
 -0.000355008583102473 0.003101037560296227
 0.006488549868939125 0.006422843950959489
 -0.006133541285836652 0.0006649489065555514
 0.006368697077631602 -0.003662702837738507
 -0.0001175709836166994 0.005737822901743073
 -0.00945074960939965 0.01170568143062134
 0.00638904208344046 -0.002297342657928247
 0.006699995677586335 0.001231375601967066
 0.00723710407463754 -0.003863388965457126
 0.003483110452820154 0.01268481348206763
 -0.002088410087270537 0.001868627915063925
 -0.006057800445014305 -0.001868627915063925
 -0.006094721163183298 0.002679986985942406
 0.004457485386397259 0.008881770134780531
 0.003038450391849329 -0.001206515328340707
 0.00477272310433971 -0.001852822055006698
 0.001392596256159229 -0.001613944830645586
 -0.0002319647423994209 0.003466766885652284
 -0.01767057856382492 0.00305368286154728
 0.0004721435404045349 0.0008020532993322504
 -0.002244669853823877 -0.004097214006460348
 0.00259863127572485 0.002090873298923768
 -0.0127027291248846 0.01030978162898322
 0.01128613108371476 0.0006358795222602964
 0.001062636619268864 -0.003342887544740769
 0.009747009231550252 0.0007969397935330136
 0.006639125196001128 -0.01177945428514526
 -0.00979942512833118 0.0003223726655896542
 -0.000351761743675183 0.005224042421066777
 0.002576717284184099 0.005515821970469403
 0 -0.004394206727103445
 0.01762364453979071 -0.004333179625580108
 -0.001265022306586677 -0.005968722349682487
 0.002643223971849046 -0.006167348932542893
 -0.004255570284521726 0.01084855199275303
 0.008721652714997363 -0.001531085354904427
 0.005128508590912156 -0.002907448341121111
 -0.003644235897339754 0.001535539963091637
 -0.001827110249070257 -0.004370353346546452
 0.000114292245395553 0.01521339761609397
 0.0002285453101023016 -0.0014389641942536
 0.004673704717239685 -0.001040541175247434
 0.002271953720658332 -0.009252248310184896
 0.003398281476074655 -0.002103730851119145
 -0.004647217204698378 0.003153938969618686
 -0.003072199036970202 -0.0001614987083611297
 0.0003418219141128331 -0.005100606127587781
 0.01222841324767439 -0.001380823027342437
 0.006058584671706127 -0.008653115216930907
 0.00479831306164677 0.004009333194662013
 0.004664601971875015 -0.007047476517741735
 0.009813188622746202 -0.01391211573772466
 0.002629850299388919 0.001583135772056821
 0.002950338150588608 0.002162342825244856
 -0.004154827756928117 0.002903482067949881
 -0.001315645404113858 -0.006732353068251484
 0.0086296892534099 0
 -0.003050111297103961 -0.0005839416224331373
 -0.005469874703494484 0.002416969964374793
 -0.001976502235625385 -8.324661815439782e-05
 0.0004395604466378017 0.002992520936453857
 -0.000549480754525461 -0.005743554308343946
 0.006246253391525583 -0.003261008784737562
 -0.00701603404206283 -0.005458758043751288
 -0.02472561643532244 0.006212242946912028
 0.003264849508565287 0.01057241897697558
 0.005156962101413712 0.00157213221739827
 0.01123045105167933 -0.007302331013409713
 -0.006211200092640604 0.008376578110890875
 0.008971650142347951 -0.01288409826362802
 0.002202886671202636 -0.006041807419693512
 0.01202989135838689 -0.01210904334000773
 -0.0001087133772882526 0.001787462705135745
 0.003797953672758841 -0.002298753726074132
 0.008305068498484905 -0.0001704884498199277
 -0.005925145263514939 -0.01209329031313011
 -0.01699942865090703 0.007222110318272357
 0.003948672455416219 0.006744956201049312
 0.009478743954543817 0.002209945650803569
 0.0009754512235006785 0.0009335087876110038
 -0.005431253846451531 0.01515308058124276
 -0.008971613787009183 -0.003850666067238606
 0.006572485046296747 0.008684814504484883
 -0.001092418723452282 0.004231493557229626
 0.003491547464164718 -0.0009111617942449968
 -0.00436634248988127 -0.000331537508217572
 0.002949371300701997 -0.00215767718564841
 -0.001965280684953719 -0.001413310290536707
 -0.003503397496180255 0.001911649171281837
 -0.01213741039391511 0.009421557295313576
 0.00774083263693931 -0.005278362770518186
 -0.0001101624897837938 8.268904788266696e-05
 0.001871113858328666 0.002724909823633048
 -0.003194011196004445 -0.001815781284632223
 -0.004422339987869769 0.001073360132775036
 -0.004219415542708146 -0.0002475962543080357
 -0.009053881776725864 0.0106733361356417
 -0.001460756482007594 0.003098502152826477
 0.003591877248199746 0.0002442101847783817
 0.004471779391393441 -0.001140158116835543
 -0.004920059125449752 0.002197713635373688
 0.01291921298817228 -0.007426483718172783
 0.002541859135069297 -8.19168544383686e-05
 -0.007422623122509589 0.003842856615800194
 0.005655057483344994 -0.005482604462097918
 -0.0007742934959047015 -0.001560254884372725
 -0.008222268544594069 0.000328677077732209
 0.001337941999117909 -0.00469387776623531
 0.002670525677468991 -0.0008257638784670007
 -0.009939218569093564 -0.008878621159120748
 0.002801907128673356 0.002247846760923267
 -0.01397520772679861 0.009929746462311151
 0.002040817034852732 0.001809806351176668
 -0.001813853801922061 0.005981908278867465
 0.004076554167689775 0.00220345296643476
 -0.007714161907354675 0.004879248518768087
 0.005791193156881008 -0.005286929228886628
 -0.005791193156881008 0.004637736639341306
 -0.001253489993766815 0.01009579305555341
 0.004664134500501044 -0.00193050253005822
 0.0001134880555039575 -0.0002415750706274977
 0.005770878816164213 -0.007112290548289657
 0.001803630293928896 0.004289594210624692
 0.008858049734918605 -0.004857522504661205
 -0.006832846522478023 0.005503413048671746
 0.000112391121219732 0.003062295889749933
 -0.004731336977514267 0.0009650957802325166
 0.006752220117286545 0.003450631357880596
 -0.00123449878199744 0.006627035311841389
 -0.002361010709443945 0.004842624475788426
 0.002248707941062689 -0.0003168316858186415
 0.004594102987438772 0.002294758672677588
 0.003459631819658013 -0.001582028490061838
 0.007547205635382942 0.007256696933557016
 -0.0004423800116382381 0.002354974006181898
 -0.002325711220514004 0.00336582056237944
 -0.002442274748589365 0.001795683037064677
 -0.002782571777019904 0.002726389225329306
 -0.01211048665303392 0.007208495346144872
 -0.01031930685868118 0.003238494618510224
 0.0005697681197955051 0.006828059824506738
 0.007377594327555748 0.005185705207452429
 -0.002377583910850051 -0.001293907399761984
 0.008915028294046473 -0.001982161203991417
 0.01449947329186728 0.007450806155865131
 -0.004327810117326469 -0.001971340391239806
 -0.00512878814067895 -0.005632102565654939
 -0.001678134308907286 -0.0006871540640682738
 -0.000672043036046302 0.01214620565292535
 -0.004829570795792215 0.000678861048134749
 0.004829570795792215 -7.54062512138276e-05
 -0.002243410924077802 -0.003323516919792269
 0.003363231869766392 -0.002575758999837419
 -0.002465263462811049 -0.005247758934404878
 -0.008902971974245583 0.004792523721687481
 -0.003856191690173885 0.002728307868964386
 0.004987541511039029 0.003852404960859701
 -0.0006786562866515772 0.0100518436931365
 -0.0002263211506774443 0.002013198308852715
 -0.006130113418345115 0.002900816493576208
 -0.01456698351135305 -0.001263424046771711
 -0.005793758964669854 -0.007764130081449494
 0.004406315106998293 0.0005993856476740334
 0.0005783355664061018 -0.005030984893457102
 -0.00626379498410376 0.009142064421265417
 0.00220840445423312 -0.002165553622316629
 0.008324709886031761 -0.007955610858337181
 -0.001497954995777956 0.008926956247969464
 0.002418659399636897 -0.00134519114522913
 -0.00034516481962657 -0.001721492884256826
 0.004248728903873622 0.009543053113426403
 0.005826923084867985 -0.008569671283736646
 -0.001139861060382524 -0.006005122384763695
 -0.004343360354148923 0.003082129859553362
 -0.001949206602361114 -0.007307275725604079
 0.001949206602361114 0.003773304605257266
 0.003887051881709208 0.005183888998759656
 -0.006754848513067624 0.00232027348585806
 0.0008038124105068933 0.003805548748225362
 0.005151994909428109 -0.003132928118255052
 -0.005037217290937701 0.0002987973429267043
 -0.003564246371747931 0.00342976775221171
 -0.004617879367660394 0.002081939929643006
 0.001849711510047453 -0.004989027065139595
 -0.0006932409289765462 -0.004563997297980293
 0.006107065129340117 -0.008661323210437111
 -0.0006894966947487147 0.0008317266367336984
 0.008356754030238028 -0.01109602507816554
 0.002618547633879698 -0.02931351325971132
 -0.004901132509896072 0.008931428848166334
 0.0018264845260344 -0.001014475876149667
 -0.001026987024707826 0.004595918508439212
 0.001255063203139728 0.00588920725744746
 0.005231446026467079 -0.003793014571872533
 0.0007936958294088858 0.001240117970122689
 0.0003399626073879031 0.01666897296271941
 -0.002382168899186118 0.007815800305594145
 0.003514543609701395 -0.005305052229693352
 0 0.001973734793937254
 -0.005105814688829272 0.007705711619885314
 -0.002619740663381775 0.004355342170421217
 -0.0001140575992111814 -0.00510818418444714
 -0.004687597905030677 -0.001281133601505502
 -0.001720479864662949 0
 0.0006885471926840747 0.0006784516486542103
 0.01015816530412311 0.004661312101376325
 -0.002729135194036447 0.0005998800419853012
 0.002501991524689495 -0.005638052897775303
 -0.002843657720143472 -0.002642009462838324
 0.002957236004097696 -0.004317697879174354
 -0.006266041578646353 -0.003498102426419791
 0.004902250027341987 -0.001829966198822142
 0.0001137203617532778 -0.002139201671461421
 0.003972087160827115 0.006099904541269296
 -0.004199540818125208 0.004096500949470894
 0.001136751287579424 -0.001060445486439576
 0.003176046226969001 -0.005776408856394077
 0.006209446990745951 -0.003742033462763139
 0.00146207077723548 -0.006601697423840314
 -0.0005620819663471055 0.005070303556412803
 -0.001800788331320635 -0.004608303086194532
 0.002250479176448009 -7.698525736099526e-05
 0.002021110052473338 -0.001001348052089845
 0.007041889044636734 -0.01053619911124226
 0.0002227419543678333 -0.001714865179780034
 0.005330976641181054 -0.0003901525545959572
 -0.002884084084548363 0.002494350034408122
 0.006643071374205514 -0.007815592733768639
 -0.003316019397585565 0.004462370891733514
 0.011120400862181 -0.006347237545738516
 0.003606758377390384 0.0004715498358365267
 -0.001965709926397635 0.004155727939478382
 -0.01187610175644949 0.006551263487222236
 0.005295687574710439 -0.002178989188999836
 0.003076249404642198 -0.003668296796427661
 -0.0009877627977563225 -0.001565068008638981
 -0.009377309599477288 0.007567814546264096
 0.005747142255567952 -0.005768197457155289
 0.003410531937799111 0.002108469798344892
 0.01103173221547842 -0.01699356447464329
 0.000760084731745353 -0.00309929917895424
 -0.002390785750822549 -0.01451101744343841
 0.008019115361350623 0.002661399207901205
 -0.003459836946832232 0.005461860967669985
 -0.001408985221988346 -0.00104187546992307
 0.00702515723616659 -0.002649646256912774
 0.00301107873485168 -0.0002412254263290947
 0.006421942224828003 -0.01026561979557261
 -0.003634035636768021 0.008494853074014763
 0.005446113092590715 -0.003550968140937805
 0.003614333689059432 0.002099823094281028
 -0.003507843086754336 0.003623921823879606
 0.007003424210898522 -0.0004824314638876004
 -0.0008462922328862713 0.001205642552503328
 -0.0003175443265634598 0.0008832149596580408
 -0.0001058705204524807 0.007675125620400181
 0.002960145939924573 0.0006369426966932323
 -0.003489666735988189 -0.00414739787344498
 0.0008470987376518815 -0.006977611820262908
 -0.0006352567709661111 0.0009653286889115265
 0.004332899777495361 0.00152653386009316
 0.006411962894024618 -0.004183433293494687
 0.01063063685116513 -0.005740404654351217
 0.006097894974193462 -0.01717412181940503
 0.008311576245958234 0.0004123541355696148
 -0.009651989912652599 0.0050991145931647
 0.01362935480104573 -0.01712696479280051
 0.006088298867255305 -0.003762388953921558
 -0.002938049831416283 0.003929278139889192
 0.003747029549921481 0.001584059691773554
 -0.005371725276923436 0.0007494691611169557
 -0.002442003655551698 -0.003001252773868757
 -0.008799811210696673 0.003500587005282441
 0.01418463499195646 -0.01281156313420073
 0.006967261990258726 -0.006849631448356597
 -0.004841647545508115 0.0007633911902180657
 0.003734171972964093 -0.01125523477834811
 -0.002319601665344595 0.0009427898705620663
 0.0168205807998059 -0.005756276902110002
 0.001488169330652134 -0.003020237874215681
 -0.0008926358142918936 0.004569958373781269
 -0.001092082511120197 0.006687841098062641
 0.008801916095145877 -0.01108496850010443
 -0.005727279405708073 0.004225054786973104
 -0.01647483720350511 0.009675975650073276
 0.0012073650727167 -0.008729942468357343
 0.005215135679108119 0.00463122611639033
 -0.01157012756148545 0.01621083664264855
 -0.01047769109342018 0.009134779631294165
 0.01017406273219886 0.0002502398144601514
 -0.008437152972415587 -0.001084825074053164
 0.004786403557152888 -0.005609760598161095
 0.003954377776484016 -0.001008064601494496
 -0.003649639087549362 0.002350571935200385
 -0.02114417271355466 0.01564091785784161
 0.01011464913805495 -0.006376569161157697
 -0.00876700989403105 0.005550737088456437
 0.00629939605707501 -0.007380107297621841
 0.006566820232900693 -0.01087876837627544
 0.0009200102872286564 0.001933342341372324
 0.008140881431347162 -0.02164678556240318
 -0.00518214846641929 0.006415487553169008
 0.002035416945335822 0.00195919820750845
 -0.00622101848251666 0.008642656745559307
 0.0004091234587085581 0.002611957502997697
 0.001736909759783273 -0.002527594234714492
 -0.01015757976751213 0.01099050452070127
 0.002986152659184872 -0.002673574990503802
 0.0005139538582578339 8.365750621841528e-05
 0.008493271827859798 -0.01034274513053646
 0.0006111846986627985 0
 0.000916077218117789 0.0002535389829763091
 -0.002342756355450757 0.003542812647011395
 0.01548222172046096 -0.01390559968255811
 -0.003621370017398077 0.007570316424656554
 -0.001210043507533028 0.002792470610890163
 -0.006884708777497165 0.001182332710995659
 -0.00264496593668986 0.00311802384665949
 -0.006643184531414006 0.007794533030113016
 -0.002875335725093384 0.007154177423330133
 0.003797797738951041 0.0003315100312146768
 -0.00184577574962377 0.006771848489742105
 -0.00205486561568417 0.005499254635365602
 -0.003915915968560842 0.003839717147590349
 0.01068100942033402 -0.00942127969690798
 0.002856270431091108 -8.231468910313566e-05
 0.00223850317324405 0.01373468287875212
 -0.001729312266575599 0.006232567020482804
 -0.0007129398886283854 -0.004447866295290481
 -0.001835611365919192 -0.005363686162546344
 -0.004296242287430668 -0.001059883512042781
 0.001741179320419423 0.002200041628878324
 0.01089013866684293 -0.009157872670003009
 -0.002026548469432638 0.008099197543638859
 -0.001725801149117854 0.003903396027159722
 0.002942222991964468 -0.001380710879242741
 -0.005078215260113731 -0.0001625619771123965
 -0.000509242767026824 0.01147672824921475
 -0.002039568318689008 -0.001447527393888315
 0.007323059577188942 -0.005730212200929508
 -0.000709615316918254 0.0007281848292972626
 -0.0007101192284206265 0.00322997696833216
 -0.004475190544499699 0.004985937148456188
 0.001426097827515002 -0.002892032864038718
 -0.01084853542107545 0.004014457418661799
 -0.001029548119356304 0.005752652489449339
 0.00246913705692119 -0.006474066492121011
 0.005124537195889272 0.003042436293994477
 -0.001022808721671414 -0.007381883797899391
 -0.003074718011143118 0.004820447994179133
 0.002562921080989121 -0.005062081437423593
 0.007751186181734229 -0.004035843721590382
 0.0008124302264678404 -0.008855007289794159
 -0.001625521032519627 0.00293327025276735
 0.00466626937180329 -0.001058244227539085
 0.009067158633830131 -0.005062475088973173
 -0.001806866582729396 0.00245278513943159
 0.004110899658086762 -0.005075737462902019
 -0.002003205798082467 0.003113990879863415
 0.01176132365488065 -0.007885698823185017
 0.004646343191631356 -0.01278131765908697
 -0.003359023114858476 -0.001253709053009366
 -0.004463186183991135 0.005920384188839556
 -0.002587838609531852 0.001412370940552243
 0.004772329598377784 -0.0006643966692365666
 9.91817506391917e-05 0.006459114870891014
 0.002377415681447167 0.004118621966997082
 -0.008246035498758308 0.007126212735042436
 -0.003998405966695331 0.003259455297709657
 -0.001804511767858942 -0.000651041689661902
 -0.002914135609986527 -0.004242133951815497
 -0.002418137198465951 -0.003521562953061164
 -0.001817447996231288 0.002621877782163828
 0.00373228859139105 0.004164461169036571
 -0.0005035500383353186 0.01528352233583075
 0.00412164443751252 -0.001525920867902819
 0.003105125948614988 0.003369978315705069
 -0.001000600443699657 0.00120081669955141
 0.009167976521791797 -0.010455298715212
 0.0006941345908138778 -0.002671525571899203
 -0.001488021702074201 0.002428954315403686
 0.000992260450534123 -0.001618647164672637
 0.01045786958106992 -0.005767450291120468
 0.003624789665659257 -0.01675879196159435
 -0.001565864481233355 0.00471094718102627
 0.005567236140253552 -8.245722536148747e-05
 -0.00126699495531872 -0.001237674979561731
 -0.003614873752222268 -0.002148938755725638
 0.004979263399607255 -0.002817136671311893
 -0.004979263399607255 0.002072196025182826
 0.008576214733135669 -0.004148694964758448
 0.005129953659277441 -0.001247972207395698
 0.005103771490915995 -0.001666389320787331
 0.004695519144161116 -0.01292506453176312
 0.002387205717106378 0.003120653652171512
 -0.01189690708426851 0.009303952115288894
 0.005486322053385111 -8.343414964606666e-05
 0.004883430014217982 -0.006613393155149083
 -0.004787446907171131 0.009363051180537596
 0.002683793425324175 -0.006930266120942719
 0.00191259501737584 0.00184162114664943
 0.006475596383405731 -0.001087820700553799
 0 -0.003438591051146744
 0.003411355530373465 -0.009029978232712566
 0.000472880322804646 -0.0004239623584938457
 -0.0006620950821203328 0.0009324800404408862
 0.008573230710488308 -0.00118694375952888
 0.001593476458466858 0.005836345600485515
 0.004858460458443736 -0.003548499837061847
 0.00353554517897077 -0.002712095907668299
 0.005372373054973664 -0.0002546365077629176
 0.001200203255368987 0.007105426612191046
 -0.0004614461804922365 0.0002528338473704039
 0.002581360334468735 -0.00456081871661862
 -0.007856952189836286 0.009184812831351863
 -0.003439464231983255 0.006187828089027292
 0.00204651234217576 0.004242405397953064
 0.01053808975649244 -0.005994522987736062
 -0.003039096136601221 0.0002504905452909156
 -0.001292109086091758 0.001251512407313804
 -0.002496649315717581 0.003911293631090551
 -0.005663633355618466 0.00703499694287224
 0.0006515567782975351 -0.0004949678371968247
 -0.002888694176653814 0.0009072539696086679
 0.01095138555334464 -0.006700054014819656
 -0.003235799985084289 -0.0006641760310568401
 -0.008462411592516705 -0.01236750116497376
 0.003356333562830424 -0.002357101857381139
 0.00714123136857521 -0.003969096964244301
 -0.003146985196219684 0.005064156670185227
 -0.0003708854933566624 -0.008454565071288833
 -9.274287045830942e-05 -0.005448676854788559
 0.001390240735526405 0.0004267486088744832
 -0.003153991482842219 0.003322403703597487
 0.001485470517330223 0.005428342422114874
 0.005181838188830848 -0.002456067294344777
 0.004420303725602356 0.0002543558451968408
 0.007688825064147184 -0.005440339837825547
 0.002731744550725487 -0.0008527330609666706
 0.001544682511492382 -0.006418781933723139
 0.004348620732196648 0.0006866363672060061
 -0.003078318410936032 0.004451681009815189
 -0.0004534941803718551 0.000939167625061188
 -0.01397729784806041 0.009597084148929014
 -0.01342923631903736 0.002363867711132173
 -0.01115758609914244 -0.001181235371909395
 0.001695714019139809 0.003791873091942399
 -0.003205433120763011 0.01029168603654718
 0.002169505166370315 -0.0006661670660212948
 -0.006427850848947439 0.01134728703502574
 0.009344539184704848 -0.006030335072481741
 0.002720834816385069 -0.005483563092552934
 0.0003747072643375676 0.0008327781960302261
 0.002899230461940655 -0.002917762896967879
 0.005030285409121898 0.003333892069465882
 0.01274137816787015 -0.01771294998676343
 0.0003669051591334294 0.001523358453024315
 -0.01282956357790516 0.007750017730671743
 -0.002697550587000289 0.003183648801619476
 -0.002331329446833535 0.004173628762928594
 -0.008438077443089935 0.002994263236865358
 0.005914121908311844 -0.004161124512785719
 0.003550410157631578 0.005323143235838046
 0.007526167929501879 -0.00807900117442184
 -0.004825099831756968 0.007415155826002717
 0.002044230408964468 -0.001412136298127642
 0.00259571852428174 -0.0008316008795263841
 0.00655195441250539 -0.001332001528940197
 0.003214108097763319 -0.006183691468296892
 -0.002294736882872211 0.00351435388062793
 -0.002300014814018467 0.006908921642682309
 0.009989543732141559 -0.007243090401012786
 -0.00155144909056891 0.005416454223904132
 0.008186329144926896 -0.004163896755645879
 9.058381273460703e-05 0.003498837291444623
 -0.003720681273969642 0.0007481608063351075
 0.0009995911596088897 -0.001663340370190447
 0.01532251699236462 -0.008946173958931602
 0.00517442496305319 -0.004292393915307002
 -0.003387114388957432 0.004544314813477612
 0.006319276958892575 -0.003869778531576884
 0.007337049488592914 -0.005917677257318843
 -0.001233806448928509 -0.01219891434050879
 0.009915406115973247 0.001200892235589279
 0.003921402785519945 0.004703878675473838
 0.005118206792205093 -0.002220894395388306
 -0.005031238926776566 -0.003254820860575158
 -8.696786542852775e-05 -0.003437610810463454
 -0.003572210289610328 -0.001895735164898937
 0.007391659377285781 0.0006035783757285529
 0.01239898784347079 0.004901338330088656
 -8.557614142401526e-05 0.001628455470219947
 0.001880985506714089 0.003931628996112657
 -0.0005981116938250652 0.0001705902426518691
 0.00732354461201129 -0.003075085706709224
 0.005668613681641732 0.001965728593321892
 -0.009408842455369298 0.01365295746469997
 0.00788908532395316 -0.002361077072906781
 -0.005847226523682969 0.008825440766771386
 -0.001871544570104439 -0.008234648666201494
 -0.003582704506115586 0.00630810788521341
 0.0005126014635951914 -0.005633344026952258
 0.01374183979193724 -0.008382420700679738
 -0.01485280858543436 0.01031983443898898
 0.004095918346801675 -0.006077506678178857
 -0.004865774250698646 -0.00364731733057333
 0.006652476559503129 8.497259638851062e-05
 0.0002549827900434343 -0.0002549394532609384
 0.005339674508503506 -0.001701259341936101
 0.001098297749062477 0.002805527876319047
 -0.002621011857681654 0.003474727001305133
 -0.008672786272050259 0.001690617477906997
 -0.002736447748280191 0.002867506392624009
 -0.005323271778905569 -0.002951969418984568
 -0.005871196281751534 -0.007120484437465713
 -0.004339154599589584 0.003481808960996702
 0.008142097817282146 -0.003566882762570778
 -0.01416122010292037 0.0150302584620432
 -0.0005251181636507785 0.003346723337950053
 0.006892066539752217 0.001252139234510175
 0.006758538853286783 -0.003509948447189437
 -0.004847654922567002 -0.006888468098806833
 -0.001823946308408791 -0.00329294847312056
 -0.01418339308067981 -0.001354096347728984
 -0.006723903948985713 0.004225477427059587
 0.004075129665036203 -0.006175208897081674
 0.006960073909846778 -0.001358580492569317
 -0.007579132076864406 0.0009342223279151796
 -0.0005309264791560908 -0.002209570032981389
 -0.00576984424363812 -0.002555585341813327
 -0.002138847620473852 0.008493341357199924
 -0.004022711364882525 0.005314001792641854
 0.006695556862054156 -0.003961736542628103
 0.009475386368245547 -0.0004223864899124408
 -0.001852587535277728 0.008330226133943519
 0.01394209088971982 -0.004787712307787295
 -0.003751367540010847 0.004033279982301963
 0.006273436972720647 -0.003612386840855741
 -0.001390699919924271 0.005036948191251334
 -0.002699997285412065 0.003010035717469606
 -0.008671713781617574 0.006407877790864269
 -0.01203660872367444 -0.001078972590878635
 0.00186807864671136 -0.003493889254255755
 0.007525822407851157 0.003909016496715267
 0.001057921283540347 -0.004325769993057449
 0.0007046595905073061 0.003162979164367918
 0.002901483549581585 -0.01187106400058369
 -0.006076369363118325 0.0009246417672184037
 0.002470226223029434 -0.005560718684697541
 -0.003972988936775515 0.001435265559400101
 0.001149374601578088 0.004545462371674525
 -0.006026784173115612 0.000587716737458166
 0.0005332385480066593 0.000838996609329179
 -0.01044978919121874 0.001592156870464656
 -0.001887216915998927 -0.001424441985375502
 -0.00117006448702911 -0.008674103819937606
 -0.01159433278091941 -0.005512926900913762
 -0.009612377761666055 0
 0.001929881589649837 -0.001276541597118985
 9.180628879525143e-05 0.0005108122024912731
 0.001192715403561473 0.002125580020634565
 -0.0009173470967133723 -0.0025512387339095
 0.008225985513272208 -0.006235339441943211
 -0.01043105807158613 -0.004809766207844568
 -0.002486532570004821 -0.0009474999632148595
 0.00496689762833695 0.006271228834420661
 0.0158386708087965 0.002480435775450651
 0.004595223655747285 -0.004967039414698782
 0.005915585952115401 -0.001288604619700706
 0.0004467277268842412 0.006853449253108046
 -0.0008042536513218346 -0.0005123825902018098
 0.01075900655371184 0.002644488638607001
 -0.0002653575708817246 0.0002555475119319084
 -0.01228319849405764 -0.009757009961603558
 0.006516425647961205 -0.002411092186731523
 8.897192941516308e-05 -0.006226777880863565
 0.009386414438830384 -0.01116647736423459
 0.01069528911674794 -0.01805838220392264
 0.001655413142143763 -0.002683364758597762
 -0.001306677306002646 0.0004477277889884945
 0.001045478401553029 0.001431383318286628
 -0.0001741705133724292 -0.0005365286724430263
 0.008326153911367679 -0.006550927541970175
 0.006199434354896782 0.003235957879934581
 0.004966188817929845 -0.007386090144800406
 0.0007684098563790209 -0.0001808318268938791
 -0.01038056762660944 0.002799225269052741
 0.00944131980962018 -0.0008118714080875833
 0.006641148291299831 -0.009065423338611822
 0.001780491377147281 -0.002370533568146982
 -0.009361770501333994 -0.001918772574621919
 0.00995456384553392 -0.007067167223092419
 -0.007477941033030178 0.006609773444821165
 -0.006160183751457909 0.002467444706295119
 0.001115066376205204 -0.001827151979182595
 -0.003004938942820279 0.001918422001607745
 0.003519165899643545 0.005914754037787517
 0.0004283205616516517 -0.00482016303184718
 0.01098771754560804 -0.006769144032613639
 -0.0008474576778379761 0.005857068084671901
 0.003216525542783455 -0.003290378619849044
 -0.006018242364657644 -0.007812180717484019
 -0.006225767412130878 -0.0004614461804912651
 -0.001369745955107082 -0.001385617514195303
 0.001797407082952535 0.0008316008795254959
 -0.007295230397579983 0.01676093640582721
 -0.01344164538423323 0.009941338087847917
 0.003747117799937583 -0.01449300730256642
 -0.002089682954597188 0.00282447456689372
 -0.004892976122815862 0.002181224167543405
 0.007678250793139219 -0.007838173559770567
 0.0008688097853192245 -0.01205887489844137
 0.01139810284786635 0.005264871534159887
 0.005479934939485398 -0.002028772366823972
 0.002728747322943759 0.0009226795266137344
 8.515348921583898e-05 0.005059575670862237
 0.01260751987294845 -0.00801515185027224
 0.001344425040750524 0.008748962193235066
 -0.001176273030937813 -0.0006420545966951963
 0.001512097062303125 -0.001101625008131712
 -0.01224625751808769 0.004764968238610834
 0.001443553088958077 0.003012187937703636
 0.01122232593669262 -0.005575118402395773
 0.006440033966870762 0.003841936668647961
 -0.003256651869966487 0.0007301268919768233
 0.01064901910273408 -0.007233470169852652
 0.0007445092787129737 -0.005991077415581358
 -0.001323955509900276 0.0001848770572845382
 0.006602318280418712 -0.003796828194131407
 0.0049232888482659 -0.005116052273296923
 0.0009817557853100956 0.0006525894045985581
 -0.00114547549752908 0.01019943936889334
 -0.004183934894585656 -0.001569496698491157
 0.009816832763457711 -0.004630495400953727
 0.0004883209993676585 -0.001951220131261699
 0.003087174439870999 0.0007437709528446135
 0.004289941420739907 -0.001674263250370345
 -0.0004039261677894201 0.004643827422186497
 0.0003231539856850263 0.0001853052909970287
 0.002823151703679916 -0.005015335115732711
 -0.0007251924092042394 0.000372370140217626
 0.004664262577466688 -0.00139710356632694
 -0.001847019196038469 -0.001025784581950795
 0.003530453799382549 -0.002335249298138997
 0.002879310955074127 0.0006544196933404578
 0.006051455683355328 0.001214215812560759
 -0.0003969986951184445 -0.001681614746051885
 0.006885389870763453 -0.007979389908477685
 0.007386486514828899 0.0009420631879013541
 -0.008491284607001354 -9.416639208392752e-05
 0.008412991398897007 -0.0001883593902727299
 0.006321972275459387 0.00347891846337145
 -0.003975838408183247 -0.000563327401996716
 -0.005247300288391266 -0.002162366282330019
 -0.0007069636208200114 -0.001789836095542618
 -0.01090316560844001 0.0003770739109532073
 -0.01545081371500648 0.007231096916868296
 0.0151330002688228 0.002803216188100421
 0.002618945189627547 -0.003083970483145571
 0.007894570093005593 -0.007138861804207863
 -0.008449531061781701 0.001224739895896221
 -0.004610134546096573 -0.0005650781841834984
 0.00722368689902908 -0.005573676514141646
 -0.001820845216693512 -0.0003790032260644338
 -0.0184738749794654 0.005387282062121024
 0.005072270445760085 -0.002359270664479496
 -0.002090200937859749 -0.002364849988277129
 0.01080572406361391 -0.002180612383397396
 -0.0007167602743844148 0.001612215247972948
 0.004292875660186768 -9.476427393995124e-05
 0.006956549793360106 0.0004737315925442687
 -0.001734605812208301 0.001041420212466448
 0.004330885937839896 -0.001230885919739855
 0.006890638806124477 -0.001706808682893524
 -0.0006244633720998427 0.0004744058156243014
 -0.004382196542529831 0.001705999845100337
 0.007578457303000968 0.001892148152037976
 -0.002805925457494168 0.005373062839375109
 -0.009962038695666448 0.006746020149209997
 -0.009664207028964394 0.01611742929518645
 0.0004774789204195773 -0.005620839493380991
 0.009738408778248858 -0.001016964909909213
 -0.01500325820808662 0.00810690759653987
 -0.004730036477472055 0.005489994574080725
 -0.0002411091030365964 -0.003015766507728834
 -0.0008041171227754773 -0.003024888873217613
 -0.017774277936947 0.01222642967623244
 -0.01020584990219295 -0.0001813894436315522
 0.01126981039049715 0.004434597067866086
 0.0142940791596996 0.006121733197848478
 -0.002422090639940644 0.006262881703917422
 0.004596967650106254 -0.008239344480105437
 -0.01638715992426729 -0.001439885057987311
 0.003429414645471418 -0.001351777793369813
 -0.006296271668995768 -0.000631455525921254
 0.004256370508769036 -0.003072754338166561
 0.002202913631041858 -0.01394544771040795
 -0.005967238861718904 -0.007092554947347729
 0.01586108325346633 -0.01471299471153742
 -0.009975347305521687 0.003464909586295306
 0.008036736036020176 -0.001216033076278933
 -0.004619320179588049 -0.001967490211671752
 -0.007992213476526483 -0.003758343238166262
 -0.003527051189515656 -0.00160158308293834
 -0.006429830082224197 -0.001226473100579106
 0.004044077644626498 -0.00387799019934576
 0.005011718167822504 0.0008525553493239357
 0.007348771538577603 -0.01363289144133706
 0.005354982370549544 -0.004618057081564153
 -0.02035464886655852 0.008163310639161203
 -0.008375883441068405 0.007717631560383076
 0.006722853888694036 0.005112195172334744
 0.00676012467256501 -0.006631952303751021
 -0.006842847921981421 0.008518745316327347
 0.001157503229691159 0.003293345719551866
 -0.002813406903314941 -0.008964438423367582
 -0.0120880134728199 0.01374397987756648
 0.001424800140461147 0.01457169966423599
 -0.002179928757960276 0.0004605960193808656
 0.009273636785329081 -0.008230499136515412
 -0.000499085021173018 0.00749344363972515
 -0.009110347603442981 -0.0006453694964241308
 -0.004797383269845384 0.0102762625573849
 0.0006747069497752556 0.002734732789144267
 -0.004986698412161705 -0.004287740911992799
 0.004143243571334665 -0.007617161594326127
 0.006392485390220443 0.008530987848177851
 -0.00816605960623662 0.003373914658141075
 0.009674102787477323 0.001000864466425888
 0.002508362519206164 0.00372169448774784
 -0.003178323184077653 -0.0002718499405087726
 0.01157719173169111 -0.002904340396971961
 0.007342964390893492 -0.01391199446679803
 -0.006184311608784521 0.009904703129754999
 -0.0171015638145442 0.02451898563412858
 -0.004300356557654816 0.01528770992486894
 -0.001352951331019536 -0.003162057970647503
 0.007838549975281106 -0.004055012608601416
 -0.009278069255152316 0.009144528684296382
 0.006166862204872087 0.0004375410264509938
 0.01130523283006263 -0.001751313932735421
 -0.003169310409313453 -0.0003506311396366257
 0.003668810919199378 -0.01137427948419667
 -0.007434978487518007 0.003629125470181016
 0.006935477977632082 -0.009677351681373736
 -0.002584734836275665 0.005072313433563735
 0.01071216388333268 -0.004002317789792542
 -0.0004130695254736527 -0.004555409601620042
 0.01411247576677563 -0.008360726546313479
 -0.004654779544982501 -0.005340587484271353
 -0.0005731362993094125 0.002447537821556267
 0.003270648868122672 -0.001540343710530578
 -0.003680233145812728 0.007768081696179152
 0.004333081218616669 0.00116901231783384
 0.005045173041833689 -0.01503106894197703
 -0.003822230490002437 0.001458656471593045
 -0.01444423963766009 -0.0002733360683953023
 0.001074069587289783 -0.00374310018443591
 -0.008208660992647665 0.00692738163591855
 0.005148657777897081 0.009582427327893051
 0.005451855565416219 -0.01413451093490448
 -0.01101688508601531 0.005096943773051699
 0.002827915051023672 -0.004732013561904225
 0.006457510642122355 -0.008979352984009203
 -0.0006603929577963519 -0.0007365804586783042
 -0.00148748064778928 0.003952755985382694
 -0.0001654122905103139 -0.003308218418757392
 0.006595242372734511 -0.01427668635668322
 -0.002056344545300126 0.006700192569820018
 0.003944454123991997 0.001204986937293206
 -0.005675057382571097 0.002128349482465097
 0.004526197909416801 0.01148856898707074
 -0.001725767778442688 -0.01093409156781977
 0.01218081686366879 0.003320423637302561
 -0.001382282612256008 0.005875889105669607
 0.007619393269427732 -0.007903726467536565
 0.0004843787936799071 0.003500049626302015
 -0.000161433530094901 -0.005069836180712883
 0.001693753681526189 0.0002772002789752648
 -0.008660165006305953 0.01038564548460208
 0.00672421215514632 -0.002196797222135949
 -0.0009693837094840729 0.00356734885519483
 0.005159221439765244 -0.006871619874433854
 -0.0004825478620255341 -0.004515096359658521
 -0.00435344125169318 0.0009231053918670185
 -0.01243867913372065 0.01574547359066614
 0.004000495191206627 -0.003822008474575256
 -0.01237974408627801 0.003912830871441564
 0.001071855649471487 -0.0002724919404668569
 -0.006531377854370385 0.00913330940859769
 -0.000829806702665109 0.006191970247921397
 0.001990380487910948 0.0008942144922068351
 -0.003153267901956136 -0.004389311476661106
 0.0001662095906759808 -0.002786894418499664
 0.00141166724709485 -0.00433057335036402
 0.0004977600899188639 0.006219317897099508
 -0.0005807441985096751 0.002154206021111271
 0.01825558468823635 -0.0133588050339748
 -0.0008967513746505062 0.004713996581839908
 0.003663455068048577 0.001987712978270828
 -0.006849341845574758 -9.026492762309601e-05
 0.0001636259514408989 0.003244415246816956
 0.01057866484954281 -0.004237867575080934
 -0.001701300689856328 -0.0002711129201911078
 -0.0003243856974353421 -0.0051651603212024
 -0.002436252626142332 -0.003276006205901183
 0.005594533584792616 -0.003378227362546227
 -0.003563911110644608 -0.0001829324069859695
 -0.01044055160841309 0.001371178056598588
 -0.007985224566667587 0.001460520569982471
 -0.0007441399326394149 0.006817898324906757
 -0.0004964011022758619 -0.005906155008647218
 -0.00489444753260071 -0.002006933715040127
 0.001993852949314673 0.003008892172047695
 0.01105986843113091 -0.00767687923057192
 -0.0003283802672969238 0.005671957388827309
 -0.00123238728985528 -0.0009126586377776746
 -0.009250148547063325 0.008636809903991072
 0.00339615153508363 -0.01046462982431695
 0.005853997011979695 -0.0009151643358595862
 0.002053135858581301 0.004294008699234908
 0.007600870233507973 -0.003287373976848862
 -0.002527209595173857 0.007290654730458535
 0.001386679939971436 -0.006650596188971569
 -0.01015902559873097 0.008555617856403686
 0.0008231130598894687 -0.005361455889003608
 0.001644196358569217 0.002002549367562168
 -0.0001642980370080427 -0.0009097526100534381
 0.007529909534788271 0.000636913719724852
 -0.0002446483192630466 0.005352214890349316
 0.003013154281028052 -0.001267427292603429
 -0.003421034533042461 0.002984941839098809
 0.004152593191964038 0.003696195328195984
 -8.12578719010526e-05 0.003144515416192206
 0.0001625091414968194 -0.005216308257425695
 0.008817043974909761 -0.006331997637507136
 -0.001370028823713898 0.002266033147312108
 -0.01021326864408587 0.006137757331428517
 0.003416026095348662 0.0007196186331954735
 -0.001462582530976003 0.001168276924611078
 -0.0009762447895423632 -0.001707942345156255
 0.01068663020096547 -0.0155041865359653
 -0.007923074837327376 0.003192996372400891
 -0.00398520311096287 -9.108712489780402e-05
 0.00989304208832642 -0.001640988607827687
 0.006835296605857383 -0.004205912755829821
 0.003360271983357838 0.0008242890973662043
 -0.0003994407882148832 -0.007996733638557352
 0.008909453572805648 -0.001847404922240337
 -0.0003960552944954621 -0.006772139616202821
 0.001345948502941424 -9.30882011376255e-05
 0.01132889152089547 -0.007569068514929889
 -0.001957637366121062 0.0001875820677046391
 -0.002589963383177185 0.0003750586073030249
 0.002668342503019783 -0.00545216616621147
 -0.001019408047503861 -0.0004714090503554758
 -0.0003923568928585197 0.003483176032816004
 -0.002986953957920174 -0.001128349908150028
 0.006590843787707523 -0.0008470987376520966
 0.007479582980356531 -0.001696353248178184
 0.004260104812406018 -0.003969384287499267
 -0.000154595346987918 -0.0002841312705577081
 -0.0004639294910397385 0
 -0.00038677238927326 0.01261311902380502
 0.003706854194382492 -0.01299208634240934
 -0.002237914272739394 0
 0.00270030638948604 -0.001707132432801295
 0.003998467457146937 -0.01116796793315178
 -0.003767351551492049 0.0004798234341851781
 0.005913768626993388 -0.01381464273016597
 -0.0008426859195574954 0.003883500026397257
 0.003213714603095774 0.00212951392061278
 0.005485310112118891 -0.004652072743466462
 0.009527482277066346 -0.003503312263486436
 -0.0001505230679442748 0.0002924119129952274
 -0.002034282110467689 0.004181868481926365
 0.003688791023648497 -0.002526480791960495
 -0.003010237071424282 0.003205597965768803
 0.009153038618275156 -0.005348386357492352
 0.003057308223857025 0.001169362830579779
 0.0004466279663344896 0.0005841690361823026
 -0.01386361145562326 0.01927956381222007
 0.001658750286083754 0.001812372318477529
 -0.003773874205010075 0.004943445754964415
 0.006407137585695999 -0.007424363057991101
 -0.002181354056131235 0.008751125951630634
 0.0111574035507504 -0.01498048147349706
 -0.0106304339898674 0.00326327192360143
 0.0006019110858122567 -0.0007668712032264935
 0.007568130236975001 -0.002592540700259605
 -0.001419340618508902 0.003071904114836599
 0.0009713453896319502 -0.003648938175856209
 0.007514636753598869 -0.002311471702379109
 0.003330006407187391 -0.0005787037198539124
 0.006553537685440425 -0.006582155213129326
 -0.0002936210841031905 0.001552644659318148
 -0.003898640415657351 0.01022582709611441
 0.004045461734376532 -0.01041977589424015
 -0.006258994697508014 -0.004179023526912573
 -0.004590220542109447 0.001459783238160206
 -0.01352230084932327 0.01390654956040205
 -0.0002256742026353065 -0.00307367449747975
 -0.00793085466678578 0.00881147354229217
 -0.009524244345096577 0.000571973323505226
 0.003591765735206698 -0.005830362991476434
 0.003958893636514527 -0.008664731210267895
 0.009076531565927082 -0.01127977731622209
 -0.005587450356446422 0.002831894866536899
 -0.007676851444362198 -0.000487685939926763
 -0.00481854922915903 -0.001366787286874782
 -0.0005368304128309243 0.001561890204282435
 -0.005924233522037692 0.00767627536548332
 0.00692097502683231 -0.004462560762387824
 -0.0006132618053450445 -0.001751654788092694
 -0.006693619914039328 0.014408217149386
 0.009756174945364626 -0.01217053562025594
 -0.003752924406346059 0.002426596677257642
 7.673124883866844e-05 0.00290416467429111
 0.001226899931527137 0.0009661836500409748
 -0.002455306995786388 0.00366300775873718
 -0.00015365703779463 0.001153957239313108
 -0.004312010993251292 0.00479387303499923
 -0.002472380151466835 -0.008163310639161203
 -0.01198457924117077 0.009405962426463965
 0.0007825951252448116 0.009223666400120401
 0.00109460526957425 0.001796775744634438
 0.006620219669240091 -0.001418238785444892
 -0.001398275688088479 0.0005675369051321155
 0.009054037474246934 -0.007689059667821851
 0.0003851041754375228 -0.004488809409148864
 0.0006158583720443089 0.01094779842937044
 0.006825965070399787 -0.002085111171525433
 -0.0006116675777523839 0.002747644913993597
 0.0117849681758776 -0.01467811331427438
 -0.001664271509037418 0.007747157488797285
 -0.0002271608687313131 0.004278183071319219
 -0.0007575757938082517 -0.001899155446901446
 0.005969264768445837 -0.009166492141285509
 -0.006424085879985442 0.001150417153049865
 -0.004711971022477335 0.003252346467410128
 0.0002285104934344195 0.002956183910342247
 0.008644931370295095 -0.005346585201560394
 -0.003100543187935789 0.00724917329450836
 0.01047287779025963 -0.006770635696248917
 0.003143009397199137 -0.006142643366692013
 0.001866159612982143 0.002692050467261176
 0.004167602966057227 -0.00211457210665067
 -0.008877011782147393 0.01033798811757158
 -0.002325495215519335 -0.004485810433125792
 0.008078434239603582 -0.004217797663852885
 -0.003731904614839632 0.004504727989574242
 -0.004646987825777382 0.001242414265993474
 -0.01102896811660936 0.003813160006414407
 0.003412325585961218 -0.001047170356055283
 -0.01564021963361906 0.007307268576526305
 -0.003697716253941052 0.004716544919420862
 -0.000231561885948417 0.0005644933821926656
 -0.005961846469078547 0.008429383994401185
 0.002791781572867635 0.002515021585581145
 0.00239780445162141 -0.001489619491539251
 0.001929534037468483 -0.001025402094041894
 -0.005644708589331859 0.003259000044522509
 -0.004507662874686069 0.006578666302186953
 0.0003115264822701747 0.001384338737989488
 0.002022560004923235 0.00221096359067019
 0.002948710136868093 -0.002118742444295663
 0.000464792013944948 -0.001661283261633173
 0.004636076917478582 -0.004350851575294357
 -0.007661093767574068 0.004350851575294357
 0.003489592932783614 -0.008720715811408652
 -0.007693242280283424 0.007981480885858261
 0.008467056448741933 -0.004911282632908964
 0.008395966901902252 -0.002418155940246969
 -0.0002301407704532465 -0.003451334986966259
 0.00352301811886413 -0.001870557971535014
 0.0009933902165634723 0.0002808068535324892
 -0.001911242506792421 -0.009402984184282204
 -0.006448663526533616 -0.0017019671279348
 -0.001541544932989192 0.003401042484767025
 -0.002007567657507203 -0.0004716758730900494
 -0.00170186472576489 -9.436187787148498e-05
 0.0002322430821354304 -0.01263014747785629
 -0.004810685876052434 0.004100906991794773
 0.002485824320530627 0.0008562051609972698
 0.003639887852163348 -0.003715528496806897
 0 -0.003442015062854686
 -0.008072071150647203 0.004968004867800246
 0.000545362484788009 0.005796566807702241
 0.002955360682700248 -9.475529452274145e-05
 -0.005763255827604896 0.001987978124304846
 -0.007605195619700494 0.008850448506509956
 -0.004812442722413018 0.004302691139000281
 -0.001186943759528769 -0.001120657569654959
 0.0011078579909716 0.001213989036426888
 0.001264622362658868 -0.0009337068838943807
 -0.002530846020284971 0.003543457642759762
 -0.005956889859673742 0.006864590963746586
 0.001751035149731517 -0.004168795698799244
 0.001033263216357411 -0.002416582642723597
 0.001111552317703379 0.00250941160542606
 -0.006767811173977262 0.00204006005471502
 0.004066180607433495 -0.000648658689287096
 -0.01757881281763454 0.0008339124875202941
 -0.009519619508924188 0.004159163073143013
 0.002775738577030673 -0.001015087984546525
 -0.003184586041738963 -0.004348838683648992
 0.003347625089952067 -0.009129080634371789
 0.0007333469466978548 -0.002060890659171477
 0.003496364906670824 0.002341592415400662
 -0.008477390189042366 0.005876608488985191
 -0.007312196241676672 0.008612360498044147
 -0.00761530043961936 0.01036563883738584
 0.000249241890543761 -0.001826818191642765
 0.005632884343916345 -0.0003657644517733871
 -0.001405249249640472 -0.00238073548946538
 0.01241332886432508 -0.002294526269417396
 -0.008203491452827838 0.005406656927709363
 -0.0004943561112460415 -0.008259200844948467
 -0.0003297065641472974 0.003403710567238427
 -0.006285167895106442 -0.0009187799249783524
 0.002816669909586123 0.003944778291016249
 0.005280540323033267 0.001555281407691567
 -0.006108149407762359 0.004560387327133597
 0.001902477930205981 0.003452038311754002
 -0.0002479441311929176 0.005787157846063096
 -0.01172326874727955 0.006918577397412307
 -0.00335092882877383 -0.0006269873464388453
 8.391021611803273e-05 0.004113024396312781
 0.0008387151376502144 8.92259648157534e-05
 0.0005028916374528181 0.0008026756283801006
 0.01100011091867975 -0.003661862708425723
 0.01104437172064093 -0.007364200321617886
 -0.009057287112509499 0.01022338740166351
 -8.271640684642811e-05 0.0005351886667748218
 -0.004310708822257175 0.001603849581973904
 0.003317577895640439 -0.006251694917213335
 -0.006312837643933922 0.01184499755372492
 0.003742674972224969 0.004152499671869592
 0.005546601413135926 -0.02635375170169763
 -0.002810848411523847 0.004606014013570636
 -0.002071852562288923 0.005481435299855342
 -0.003906742012271369 0.006342421546787769
 0.003408858008956822 0
 0.006040814430837094 0.0003561253598887149
 0.0006597938383686441 -0.0008014604819228666
 0.00542675234114004 -0.001158800325776532
 0.00114735301883484 -0.007520178681399869
 0.0104294924026091 -0.002068997274751183
 0.003721687143633939 0.00108001090508747
 -0.004532585663579197 0.00824155878748023
 0.002754376336303765 -0.001964637174165063
 -0.001133236320079556 0.001786193205097319
 -0.0001619957884637369 -0.01257087578724203
 0.007183533050003049 -0.006799971802655236
 -0.000482664316344944 -0.003371762432563763
 -0.005324740293719321 -0.001370176053594463
 -0.001619171338206465 -0.0002742606407464265
 -0.004222156320931564 0.00237443033931406
 -0.009154878391561205 0.008266386718668528
 -0.002548819468248642 0.001265708513608743
 0.007218471176501318 -0.008438102963444827
 -0.001799738705683479 0.0007286638449741645
 0.002126616211249877 0.004723416902490563
 0.005865597265276606 -0.004086271293169297
 0.001055409068943441 -0.0004550625789567775
 -0.006185922379038727 0.006171178492244245
 -0.003598891500959572 0.008647923456616802
 0.01027155032182986 -0.005847180784702921
 0.009444312842587455 -0.006153865574377804
 0.007284402832936326 -0.004549184444496923
 -0.004396314182862904 9.118679621433756e-05
 -0.003531020441086302 0.003549814859495903
 -0.003140225616836412 0.003899347493470984
 0.002657755359809388 -0.007266813701841457
 -0.01173105156548429 0.002003643657566556
 -0.002036577625427333 0.008516086981511073
 0.001548177127318501 -0.005246032291733371
 -0.005388207990876109 0.001902605330450058
 -0.0001637331153882815 0.008113269060485706
 -0.005006781912279823 -0.0007185198800234716
 0.001972873636207156 0.002154012679908668
 0.002542548017230889 -0.001884507220792031
 -0.004515421653438045 0.002691067286025195
 -0.006273235595425031 0.004825746630491068
 -0.003400658525439387 0.002137323816573833
 -0.002079262195445519 0.008062773488609842
 0.0004161984494256421 -0.0004413257496933554
 0.0003328340852825629 -0.0011483592976127
 0.003156410960152317 0.001324912970387615
 -0.0120141608607181 0.00773766280283894
 0.0003356831182914355 0.001400437865642701
 0.005522564450076456 -0.005349716771079649
 0.01235658629487241 -0.001584089040219006
 -0.00148465880124693 0.002463055432397887
 -0.008288485080056834 0.003420605887537675
 0.002078570692242709 0.001312508391595024
 -0.008507850134216843 0.005319857311538279
 0.01124496460379226 -0.008209653096382219
 -0.002737114469575419 0.007252423766883176
 -0.00842408751742374 0.007373065452096483
 0.004095797091165643 -0.002076304924481853
 -0.0005006257926837288 8.659883096928667e-05
 -0.002005013203020489 0.003889205887576352
 0.003339458772188691 -0.006490438603783844
 0.008382835328439447 -0.003478869398310103
 -0.001406062842791322 0.008933664516069584
 0.005447805466952976 -0.005802137948622388
 -0.004868598963647497 0.003294895896852168
 -0.007806051928197028 0.007245158482485081
 0.0002500729392434231 0.002317697075957525
 0.005734484860562494 0.001114015282955627
 -0.007987395822230958 0.003846651749174868
 -0.01201745627900203 0.008410907236909182
 -0.002793889130592475 -0.00534420409234837
 -0.001866938763578602 -0.004005630275978334
 -0.002125760759686068 0.00349516574217823
 -0.0006811989364233495 0.004584827185672324
 -0.006237470558230346 0.007006317437927123
 0.002397056194422348 0.0004205037697051495
 -0.001968588815657812 0.002015960363560332
 0.002908719648544694 -0.003025466632518459
 0.002985458779045491 0.003361065259714024
 -0.000596379144406578 -0.001511081550122029
 0.0002556346143186838 0.001594963611992739
 0.00526853699979532 -0.00386587589622156
 -0.006376759269136056 0.007466164458823421
 0.006800434232046793 -0.003348684585931849
 -0.001526070664971207 0.001926863579458704
 0.0003393281335579423 0.00150539461397603
 -0.007491947183235342 0.007990720060955248
 -0.000256399300579857 0.001242802264442844
 0.007493861178968053 0.0004966887519328722
 -0.000254550084103411 -8.276432862164285e-05
 -0.005275261106091639 0.0009100310865894912
 0.009171259936058024 -0.005472650474659169
 -0.0005073137844495701 0.002242432732373345
 0.0121886096853876 -0.005323586021430238
 -0.003599083190319236 0.001749927532930684
 0.009596602209167693 -0.02785930639879375
 -0.006331771549745374 -0.002228317685839087
 0.00392042876074733 -0.006628526830907866
 -0.001332889234321233 0.001984555636457053
 -0.01241418392126492 0.008583006943551297
 -0.002704531736419075 0.003327506163129712
 0.005654262078810562 -0.007266541912230196
 -0.002190396831955765 -0.001459666253242453
 -8.434192220238557e-05 0.005911347263057642
 0.00160128136697385 0.004687042540228781
 -0.002445092065931409 0.002038390377957278
 -0.0003377237451892001 0.0001696784597262635
 0.01158605857771894 -0.01315021938687799
 0.009222781504806488 -0.0002578981316680995
 0.0008267196238056773 -0.003013736297492464
 0.003876453367587018 -0.01310725765487941
 -0.006938735917902228 0.001833181081661195
 -8.289468235359032e-05 -0.0001744439603204029
 0.005950922595318126 -0.005949273890208495
 -0.008274767943529437 0.003066546407978876
 0.005634284521431415 0.001049226291936378
 -0.002481801406216344 0.01216031661463113
 0.0008279516949207255 -0.004152614324492099
 0.002232051519829858 -0.002430345784395271
 -0.0007434637490855434 0.003037010447453525
 0.01435804294157436 -0.006519211232607347
 0.0008956561279443442 -0.001134331084501561
 -0.002852603914905244 0.01033578489427445
 -0.00187900876329597 0.004655180820530624
 -0.008128457251274063 0.007625449279015761
 -0.003220348763849107 0.003323253026546347
 0.005526015134421025 -0.00571600754363466
 -0.005443312409319084 0.008264861939696111
 0.0006613756854837172 0.003472961010543507
 -0.006550332280578247 0.00581764635628268
 -0.00416806205288428 -8.407247051867017e-05
 0.0002505742339274641 -0.007849797640790079
 -0.003262372712366901 0.00574568543075582
 0.00234329339797365 -0.0002527912379166608
 -0.003600891551563429 -0.008633147144702313
 -0.001259181698377632 -8.500871344452321e-05
 -0.0008403361839049994 -0.001701693595360432
 -0.0009251861545598872 0.004248816724889082
 -0.0001683076668115013 -0.0001696065132970048
 0.002017824797648837 0.004400447144822017
 0.00050382065050944 0.003540125072799327
 -0.0005878154428818894 -0.002864848605845793
 0.001510827885168819 -0.01282341040260082
 -0.003444657890445207 -0.001111728852690952
 -0.001853256363970268 -0.007730668976453359
 0.005465643204825454 -0.001294275170968362
 -0.002182673801388424 0.003103450766742455
 0.00870225557019122 -0.0009472551838545229
 0.002080646583075108 0.003354409028442085
 -0.002163962558961674 0.008549983685400164
 -0.00954381459191761 0.002550804886192637
 0.002184691231092273 0.001188152562758837
 0.0005034824307079411 0.000508776403750133
 -0.002856424692734671 0.009365971516007932
 0.004700361180331653 -0.0005040322687346332
 0.006926217867024159 -0.01396138935962288
 0.001661820075009812 -0.0005113781752958957
 0.008761834859640161 -0.001450326577646877
 0.00377854893462648 -0.01064296373548324
 -0.002380464904109425 0.003101579121166154
 -0.007341147333850495 0.008394772616270529
 0.001323736438849282 -0.004359912869206006
 -0.009219717287127005 0.007511131249995806
 0.004163550023296436 -0.0008507018803127764
 -0.001580107609727793 -0.007517547790203416
 0.005229746697277188 0.005217031289726393
 -0.003982085899121857 0.004850454133749516
 0.008443059839747163 -0.003316188575365864
 0.0005768200893318531 0.000596023688299141
 -0.001236450720109944 0.00288992976312219
 0.01099182586798336 -0.003230471227335663
 0.001141459561360414 0.001276432969118169
 -0.004573676708569091 0.001104925529948453
 -0.00879759014410203 0.004999374900299003
 -0.001487603580119568 0.002953962564925305
 0.002808062631437097 -0.0004214607893127109
 -0.001485639097943497 -0.001181036074516584
 0 -0.0004221368630377142
 -8.260025610792865e-05 0.001940355778143221
 0.01321153258111946 -0.008208906588590636
 0.0005704739162904482 0.0005946566033445677
 0.005767918830237473 -0.001444779922418427
 -0.001540270257091442 -0.0007657293946277122
 0.001135165937190402 -0.004948815560752884
 0.002670660754597015 -0.01708116063806031
 0.003147067354295069 -0.0008704735925695317
 0.004180742542258586 -0.0009583969367881195
 0.004882157842536039 -0.006120505247873886
 0.007873117132589952 -0.002019227234518972
 -0.001347548854386121 -0.006435993121772121
 0.002930579104238995 0.001767409438514278
 -0.0003955226883820828 0.001588002098158015
 0.00355408501111168 0.0001762891146039891
 0.003855691915197718 -0.008941673493096935
 -0.001021490679322473 -0.008035757526783094
 0.002120391888808054 -0.002153819373406307
 0.004071093072870569 -0.006851194201679789
 0.00436579784419816 -0.002626694141917518
 0.002563805156820309 0.002083805963546403
 -0.004822285148002065 -0.002537382421633261
 -0.0007019459789841254 -0.001271109668150139
 -0.007439636491074514 0.004803562052933863
 0.005721691355139696 0.002618629876890211
 -0.003523198007317124 0.007814995983581596
 0.007812539736793661 -0.001253469588418987
 -0.0004670351139612339 -0.002421851656910334
 -0.007580826426483334 0.01293794536058179
 0.002350729808402008 -0.007832008706732729
 -0.002978525481536348 0.005879749678654456
 0.01007545524913003 -0.003559355955689902
 -0.00272363111445581 0.0007128854338631641
 -0.0007015629550722324 0.001513196247614701
 0.006838696220341084 -0.006872265879453998
 0.003170310020525924 0.000358166192940601
 -0.009697139717210396 0.0138693546105042
 -0.002263238957253694 0.0007943162678785143
 -0.01186794296648391 0.007646036283179392
 -0.0009492169673320228 -0.002893342950457622
 -0.003885347630470964 0.002455495401976648
 -0.001033345348498443 0.007765165746911329
 0.004522919830968725 -0.001826802300040065
 -0.001188260131100821 0.001826802300040065
 0.0005546971099872899 0.0005213311439646873
 -0.00365079770570606 0.001215383429408412
 -0.0007158481116985582 -0.002084419722912401
 0.00768838250031853 -0.00226303517244375
 -0.0065750623058006 0.01022982479842227
 -0.004780123824719207 0.002756246361617976
 0.002552242572221364 0.001031636955318938
 0.002784076888782072 -0.001031636955318938
 -0.004538043694176763 0.001375279570384969
 0.0001595787125384385 -0.00214970631820588
 0.01935824682408246 -0.01439248010013561
 0.001094947708331739 0.003574078685840476
 -0.005251001524297638 0.006332154566359272
 0.002432995745552669 -0.004072266598921459
 0.005082305008912547 -0.01047312767167252
 -0.005552745663660763 -8.773853920995833e-05
 0.0002352479916751249 0.001578117108160804
 -0.003770625048738485 0.01097763245650896
 -0.002600576744414274 0.0003465303681906562
 -0.002528246586506633 0.007593444028170637
 -0.008899542250004999 0.006426481995010391
 -0.002317312955160106 0.003070103042520422
 0.004788516731797171 -0.003070103042520422
 0.00627011062493657 -0.002137575094628197
 0.00355408501111168 -0.004202948246441629
 -0.004266420313701197 0.002661059984823133
 -0.004284700675548897 0.005556757191991224
 0.004126335008894394 -0.003843694674563025
 0.008201938724101299 -0.01118772426447734
 0.001255887135243466 -0.007034637546664335
 0.001254311860907131 -0.002618030991815345
 0.001096233764154492 0.004533573588859419
 0.00156396653711699 -0.00366013480505778
 -0.00148571009070228 0.006353095647209983
 0.008958888261862225 -0.009238343550405759
 -0.002096192685575426 0.005588070072591655
 -0.002178480593906462 0.001392151969382915
 0.003809232265726603 0.001129698143173208
 -0.009589595181226096 0.003900668058512302
 -0.0006269101372940733 0.005091265258210242
 -0.001726032124732657 0.003008038020785975
 0.004153122766174577 -0.004903446531717037
 0.005925481239015568 -0.002158243165208518
 0.0004663091714247058 -0.002336146422631025
 -0.00467290569939241 0.003027291158566037
 0.008085878295632537 0.0006043600442966479
 -0.008554372096658741 0.006452467863763189
 -0.0007813110796706657 -0.001544799483316872
 -0.002661033111302114 -0.0004295348204008675
 0.0005484389215698882 0.007959304289105518
 0.001330672185705123 -0.0013648385638243
 -0.001252348316465951 -0.00196522471075955
 0.004454350349380326 0.001282106248535975
 -0.002498244721935217 0.002388875805451107
 0.003121831927426044 -0.001193724561943554
 -0.00179386235368123 -0.01003223848188561
 -0.001797086079611654 0.005928616411368992
 -0.00234888927287813 -0.003690516139953637
 -0.00660639445622585 0.005060262095060608
 0.002049504106969163 0.005800579259970462
 -0.0004725898008561547 0.002124135213891876
 0.001181056001229475 -0.002975054257746912
 0.002200912694757584 0
 -0.00693352919485643 0.002125941529477871
 0.00181681790960031 0.002545178263750003
 0.0009465962685213658 -0.003565066164496145
 0.001418216436889941 -0.002639534931112131
 0.002280682047132637 -0.004528954547500241
 0.005171209517956549 -0.002658549655564002
 -0.003836672286487458 -0.0001717622814254582
 -0.004718102642323002 0.006250287910607888
 0.0009454030484351839 0.003153098185230796
 -0.0001575051192419519 0.00263415200961159
 -0.000787897929193232 0.001272102957453392
 0.004482725449286212 -0.002800765675518235
 -0.001334851597837361 0.001528662718064844
 -0.003147873851448851 0.001526329474647703
 0 -0.002800052739451608
 -0.006881033201028841 0.01014464698088258
 -0.004693537115519619 0.006622818355713989
 0.0004783163356499032 -0.001588828364504913
 -0.0007973210436745537 0.0003347000282269974
 -0.002795640624267459 0.002339768761918215
 0.001278976992889147 -0.004685024883356981
 0.003667973173890338 -0.005212724095438936
 -0.003827755869764332 0.003870104106892924
 0.006212684259915252 -0.006233173819912174
 0.001507518038505185 0.003205671717708469
 -0.005485564497004186 0.004956951968846823
 0.001672707387503469 -0.000586829878097106
 0.002067102024008116 -0.001006795957181339
 0.006175791600352559 -0.004290227400688629
 0.004410497816670272 -0.008551040547635225
 -0.0006288813979765939 -0.001957530732757284
 0.00439388702203003 -0.004782246518025168
 -0.0001565925465149276 0.001625112618703461
 0.000704473435263836 0.0009396489821345
 -0.00588583217726138 0.00799391959954221
 0.0007867821019556243 0.002875752637361728
 0.007131412222527417 -0.008141157583699155
 -0.002423675006842235 0.0025512387339095
 0.0046856782333356 0.001527624840910846
 0.002023661960845941 -0.003823446605231595
 -0.003973360375306906 0.00568738004329461
 0.0001561158382687999 -0.003561438513816739
 -0.0003122560524981 0.002884046447270805
 0 0.0005080870631788414
 0.001170457782565221 -0.003307189785616949
 -0.001014317568335921 0.003645771133019338
 0.001092299398608998 -0.001355013757459389
 0.008077086471487721 -0.01184959093342375
 0.01176529392735048 -0.005848472849931063
 0.002976987809853004 0.001637578474118939
 0.003196106517984354 0.0001722207874745862
 -0.001216360192542898 0.001290711361048302
 0.008709866854077486 -0.006383734584562539
 0.004138923017316443 -0.001905752482541878
 0.0008257328848115253 0.0003467707013502519
 0 -0.003386154744053016
 -0.001501840035984525 0.000782438640221983
 -0.0008269744485130959 0.0005212858502057216
 -0.006110690056839896 0.009509061970043753
 0.0006051895184334133 0.00677387370447402
 0.0007559722162264748 0.001110304593714417
 -0.001361161734659888 0.002387246423184664
 -0.00310735783775129 0.001531654485956047
 -0.006014712258825827 0.001953706291429214
 -0.001681443379952352 0.002542589724714439
 0.009213146220956092 -0.001779133777210617
 -0.0008340600248461505 0.003893031321665852
 -0.0006070263484069249 -0.001098669030860755
 -0.003345247550558039 0.005397213304052961
 7.615276247824321e-05 0.0002522810424174793
 -0.0005331911616587304 -0.001430434843594952
 0.00251113018611876 0.001598586853407191
 0.002959592370886277 0.0005883094677399114
 0.006721318208356974 -0.001597645914771739
 -0.008845266514966421 0.006291703150823835
 -0.005711472709183485 -0.002511932996275057
 -0.00682021111828468 -0.004284820670334533
 0.001383126084951336 -0.002360280957500294
 -0.002152356892112517 0.008069304943170152
 -0.004241379020699154 0.0005858476126885392
 -0.002785948249846792 0.008083040550677545
 0.001703446017795929 -0.001079510173339848
 -0.0006190992304226373 0.002323652497801199
 0.002319648453716849 -0.0008292562047476082
 -0.0004634994289235417 0.006450034765482116
 0.002006947798300629 -0.0008246062972414592
 -0.000848601786701153 0.002800891525453153
 0.005234404992756791 -0.0001645413413831065
 -0.004694302360129687 -0.0063555164199256
 0.001233425996643056 0.001654670684473558
 -0.005484968751371722 0.004618564910951584
 0.003016593539425627 0.002301307829158716
 0.0004632846967275173 -0.0009034537183856273
 0.003390878711431788 -0.005603178799306718
 0.001767939274434083 -0.002896274108665331
 -0.004695747822462626 0.002896274108665331
 -0.00208550649102146 -0.005634751401969673
 0.002779709920497198 8.309443687526397e-05
 0.003924742426818839 0.002489627841960385
 0.001074691129765326 0.004465769909354655
 -0.002227429009573678 0.003295167327931559
 -0.003311898895090593 0.00147929021058868
 0.004771809254660198 -0.004361967329313821
 0.007801186791346504 -0.003635766688887543
 0.001066017004933528 -0.01090359963905208
 -0.0002283365690934347 -0.002178285043622274
 -0.0002283887185902667 0.007270328267897419
 -0.0006092917172498269 0.007383168467448797
 0.0006092917172498269 0.002558918396617926
 0.002281543312312728 -0.001650165390957525
 -0.000379895913089956 -0.002811545720408759
 0.00658968489478412 -0.01745857316159061
 -0.001208641935923405 -0.002869200280580131
 -0.004317697879174243 -0.006783711251704183
 0.0006829823828381487 -0.006059331532600076
 -0.006698152611628649 -0.006957894324847835
 0.001068620817668564 0.004214878718440396
 0.003046924965404818 -0.000772830745606079
 -0.001446131849999643 0.008042480036882793
 -0.0008381910804294845 0.006794081335884883
 0.005170327819564113 -0.005431567287067729
 0.0009854084557096576 -0.004691440344381625
 0.002119125897092677 -0.005401016172792872
 0.001661882842075801 0.007962711707394377
 0.004368134675619362 -0.00418750344844554
 -0.0006013681305792051 0.006912764886484624
 -0.0006017299918305574 -0.00221370886485861
 0.001052789990456882 0.004337663615999077
 0.004050410578022523 -0.0003395297545560894
 -0.004275915145445619 0.0002546581228486389
 0.002552745586263339 0.0001697360608332588
 0.001573446546475621 -0.0003395009368887258
 -0.001948441863428518 -0.008268384488428815
 0.0003749953169528975 0.007843846167469692
 0.002845378183293945 -0.001614891345810499
 0 0.001105207338854441
 -0.0008228298328628036 0.009639851412363676
 7.483069558622546e-05 -0.0009261208828643674
 0.00462860102204965 -0.0005055185885733948
 -0.003432070816477339 0.005630503551067534
 -0.0009720717107464805 -0.0004190939250809933
 0.005148688760710285 -0.001762114993399955
 0 0.002432580992367761
 0.003566125621768057 -0.003104680488388745
 0.002518333306347986 0.002350374623515172
 0.002364416647547607 0.00476768917833148
 0.001401231838105865 -0.007370217617009622
 0.0003684191177508178 -0.005817155888873771
 0.002281173953643079 0.0007606812689830988
 -0.0002940527845932683 0.003794750938187264
 -0.001545197320066249 -0.002865814503528519
 0.003088010688576504 0.0004219587386966595
 0.001833584436850111 0.0008433837052166382
 -0.004185489092924433 0.007391264960984856
 0.002572112386255487 0.0007528546091508659
 0.002565513593336288 -0.00125507274978176
 -0.004402061400637702 0.002759083728480327
 -0.0001470696377385838 0.002335085707847462
 -0.002356060580380015 0.002329645782809031
 0.001546790718298718 -0.001413780434247336
 0.002132118588831722 -0.001665834135016198
 -0.006188320912556222 -0.0005836981612459269
 0.001255492945832049 -0.0007509700382133389
 -0.002734564358795155 0.004746646710295011
 0.0005179238767694661 -0.001496508426946264
 0.001847541448565859 0.001496508426946264
 0.00434671182045876 -0.001246934780628095
 -0.005972367982806814 0.00431607575726467
 -0.00207284646325262 0.004627342581724037
 0.001259026272588448 -0.001732745183729456
 -0.004004751718417743 0.003956157801427551
 0.0005200401291006185 -0.000822909855522802
 0.001336005542742269 0.0004115395753379048
 -0.003938914832208928 -0.000493867818088134
 0.00171124627898489 0.002138334559340649
 0.002301838773914433 0.0005749250702491437
 -0.00475801953311672 -0.002548609921471545
 0.002530516384584958 0.002302253935828169
 -0.0009667944084022495 0.002788487003282825
 0.003565066164496089 -0.003117056087888592
 0.002813357893248603 -0.001891370162119266
 -0.002516841953344451 -0.003380470713133299
 -0.002671813968811609 0.002145038360634288
 -0.007234788222917121 0.002304907177811621
 0 0.001314708488464156
 -0.002548344955766779 -0.0001642440670517331
 -0.002253945356925191 0.00499734788420092
 0.001202736369898982 0.004891181186779114
 0.004048588526000263 0.004705509250262807
 0.002689981447209056 0.0009707953193469621
 0.001118693482816291 -0.002266656843523229
 0.0007451009956521149 0.001700474113148331
 -0.002013048210088741 0.0006470398155213886
 0.002906437191487254 0.003309523947415904
 0.0008925915498897985 -0.002016698945110917
 0.001337395250979923 -0.002830228711686367
 -0.002602135217951884 -0.007885899165156474
 0.002453624042212998 0.00399137091611923
 0.004002080491728954 0.003084418029748903
 0.007883048152865668 -0.008709509289635875
 -0.0008809926419608982 0.000653808457419025
 -0.001690741756092018 0.00342549882302734
 0.002498347981845617 0.003657202662175507
 -0.0002201915675526522 0.000567697999918515
 0.006657668078248857 -0.009367559234916278
 0.00313057661668581 -0.0004911591454339614
 0.001380162206516489 0.003024978801785316
 0.0008707009692439649 -0.004171955824135765
 -0.000217604178858799 -0.0007380376734200667
 -0.0002176515407438795 0.0037664827954762
 0.001884741406055879 -0.004340888916385843
 0.0002172417547194883 0.001886096750032706
 0.001447073546779254 -0.007483279853814473
 -0.001012731568038439 0.001319805520293649
 0.0005064939871674001 -0.006118755653608865
 -0.008207781687181892 -0.001992528679148009
 0.001384789405361742 -0.009938696249530032
 -0.006063502523902919 -0.004880110652765168
 0.002488291682000321 -0.001265983204911336
 0.002190421436540857 0.006062155468404384
 -0.002117330035711629 -0.003531789745826686
 0.0008036530112902618 0.005376808719396386
 0.006696291125663556 -0.007738284051435507
 0.0002901283838440127 -0.003298518658664484
 -0.003050554370321146 0.003720619884804321
 0.004427515851789132 0.01074557015182975
 -0.00777931147010047 -0.008974688042959755
 -0.001095410340665681 -0.005830427602748323
 -0.004540469169918793 0.003975139501002367
 -0.003161186238455904 -0.002197060204381707
 -0.007538838365798606 -0.008666154491774769
 -0.005728969205153644 -0.02733497760124415
 0.006692967648424752 -0.001931180375468244
 -0.00178041590057576 0.005957091641922041
 0.001113131353109531 -0.0006115940953375087
 0.003849290414326911 0.004621362368807169
 0.001845359445985129 0.007453665987095626
 0.006248871648052212 0.002673221960143302
 0 -0.000603006435983211
 -0.001393421808825346 -0.01170110858512086
 0.003589615956568371 0.007123651009190546
 -0.001976357558721498 0.00250724205177022
 -0.0005130272383400691 0.0001726817479683618
 0 0
 -0.002569091588114192 0.003275300290527916
 0.004619623247646865 -0.009163272968088165
 0.002046335582168157 0.00156195797115366
 0.005460714723593219 -0.01537819733429302
 0.001596169532822156 -0.001233480332603065
 0.003112448678147806 0.004749349296692351
 0.004830404835789004 0.002366242723629952
 -0.001367447764273388 0.009842856347924034
 -0.002668302884854756 -0.0005202011561733499
 0.0008661758878489856 -0.003300906402357029
 0.0006491399124409769 0.007109445585675722
 0.005823374593176556 0.00396620626843891
 0.01012775221161655 -0.01762274869866864
 -0.001136041019652534 0.01235980570216366
 0.0007101768638799744 -0.005899722127188589
 0.002977247538385575 -0.003836098862892712
 -0.0001415728748736522 0.01025471748187634
 0.0008491367620316881 0.0008642295931560184
 0.00571289066547509 -0.006847857557579218
 0.0007030371493170207 0.008142803135004151
 -0.004649205331295037 -0.0006904289563989252
 -0.001978939086705656 0.007825640831391034
 -0.0004953472839494544 -0.001285732830445419
 0.001838625791988735 0.002056379783857309
 0 0
 -0.00439000917460175 0.001283093285822545
 0.004601940933368909 0.001622891665184589
 0.005002652673848695 0.00459810074432454
 -0.004225953605676347 -0.001785638840175352
 0.00338219037181775 -0.001106995472181183
 -0.003593957569870243 -0.006496304579791001
 0.003031052967334302 8.575226176876782e-05
 0.005824782249843452 -0.008438868645864517
 -0.001961196958372602 -0.004246290881451564
 -0.008802563792522866 -0.009423331226887655
 0.007750338238598331 0.005071714264107463
 -0.000772336355751857 -0.006212015251664482
 0.004345395119101425 0.001315616556028409
 0.006343916148566331 -0.0007014467626493825
 0.001041847637215265 0.005946672530802388
 0.001318117364524307 0.0002615404748791406
 0.003045828188835531 0.004782825761611598
 -0.002283500974953168 -0.00347614845560873
 0.003181632231567089 -0.001132354983587547
 -0.0008290155915209318 -0.001744592208013707
 0.005926147442641971 -0.0002619515404633788
 0.007665495067031569 -0.01071125253985095
 0.001634989123671937 -0.00557646941882961
 -0.001771358958875757 -0.01574553911024612
 -0.00457916939997377 -0.00533431037503096
 0.004920059125449905 0.009653194180232028
 -0.002115391965615721 -0.005401525556564479
 0.0008876447272932464 0.002434297735478097
 0.0004094165870904831 -0.009045742367965737
 0.008762154887691886 0
 0.002836306601581684 -0.01381603933721198
 0 0
 -0.0002697781091429152 -0.003414704993060624
 0.002492674851488408 0
 -0.003032449508680035 0.004335600168188236
 -0.004532087440768551 0.01588929420096896
 0.001084157851144851 -0.003994195578840731
 -0.005296406758839023 0.009775602829501295
 -0.002112796832971164 -0.005237978200061555
 0.006935029154475247 -0.006905351807895421
 -0.006321176528031103 0.01061090080826155
 -0.001911002492572367 0.00180261427811601
 0.001774623358368477 0.006015190736539999
 0.0034039109726689 -0.001074691129765881
 -0.0008158825581768836 0.001522138450309463
 0 0.005264813838523175
 -0.007578638670010462 -0.0008903927219892083
 -0.01088764889645905 0.009662767439484021
 -0.004444143138356726 -0.001324211184455137
 0.00159938840116236 -0.0002650527912324563
 -0.003340760345400318 0.002382949805967094
 0.0006272432864116162 -0.004151766044979688
 0.0005572194892383697 0.008637458952855503
 0.003336812272315415 0.004378290706882559
 0.006295638075731635 -0.003238089732589877
 0.006941370092898191 -0.00070150827149007
 0.007981214984980389 -0.00943029065891654
 -0.007844247446072927 -0.01086193015282255
 0.009202205286473197 -0.0181568603015716
 -0.0001357128318564826 -0.001094491170915646
 0.003387307621957214 -0.0110113059723016
 -0.006922321500320461 0.006621322701056975
 0.002244822547388003 0.001740006849557219
 -0.003675974187033693 0.001005990299298709
 0.005237572766248422 -0.0001828320692540686
 0.003183529630159776 -0.002471510251619513
 0.006067979783756172 -0.008560041223725889
 -0.002355396627164719 -0.01031368027310275
 -0.01349859397482167 0.001866194439159585
 0.003204584612665873 -0.002426732570428136
 -0.005050171110080381 -0.001777113127285901
 -0.0004790419253285494 -0.0005618503753002102
 -0.002398657902286605 -0.01263095310926321
 0.01112221898303545 0.01188132788675311
 -0.004352268005796023 0.005888142625222414
 0.007874590959302208 -0.006169397021676737
 -0.001488699692995255 0.00402377373479279
 0.001015262871058187 0.001586339155974059
 0.003983396550986229 -0.004766586902327674
 0.0006735821351269711 -0.004130685557896641
 -0.001280194225308839 0.004036995577971325
 -0.01316612164446401 0.001965648594712377
 0.0006146491571346613 -0.001778277411851548
 -0.01043177396255118 0.0006555228028899407
 0.0006896551997484512 0.004856191837058432
