 4.48973372e-01 7.50756107e-02 8.18867285e-01
 2.84157635e-01 9.16016549e-01 6.97545071e-01
 6.79516251e-02 1.73930187e-01 9.79733283e-01
 9.46201419e-01 7.02938583e-01 8.31630042e-01
 7.58229122e-01 2.69008041e-01 2.54496680e-01
 6.91130690e-01 2.37115153e-01 3.69613874e-01
 8.91011664e-01 9.54550902e-01 5.08130881e-01
 9.06685545e-01 5.49208428e-01 8.02697482e-01
 7.78996501e-01 4.23036277e-02 4.91469858e-01
 9.11432732e-01 5.94922686e-01 5.50575847e-01
 1.93048278e-02 8.12919496e-01 7.35255507e-01
 2.02664223e-01 1.44905867e-01 8.47330849e-01
 4.91859050e-01 4.57981609e-01 9.97879707e-01
 4.22268848e-01 1.95939666e-01 1.10421554e-01
 4.72098340e-01 3.62279698e-01 8.90692438e-01
 4.36315898e-01 2.75158844e-01 2.39988736e-01
 8.53549456e-01 6.49873595e-02 6.65835883e-01
 5.30824283e-01 8.01730534e-01 8.29551277e-01
 9.65350030e-01 5.16490142e-02 2.49091681e-01
 6.44385279e-01 9.66123676e-01 2.83819638e-01
 5.00476689e-01 7.81674126e-01 4.24112528e-01
 8.94192891e-01 9.53100832e-01 5.84457739e-01
 7.14790556e-01 4.84854298e-01 7.81293935e-02
 1.85112289e-01 4.89072711e-01 5.55501049e-01
 2.79542904e-01 1.58642080e-01 4.48590677e-01
 9.67589743e-01 2.32025453e-01 5.48555969e-01
 1.32411749e-01 4.78748333e-01 4.55119589e-01
 2.27819660e-01 7.77683025e-02 8.10784150e-01
 5.74981055e-01 7.09216035e-01 3.55220187e-01
 1.86191186e-01 9.74927908e-01 5.75291008e-01
 1.52978055e-01 8.68617655e-01 2.85834158e-01
 3.90054602e-01 7.69926461e-01 6.55008928e-01
 5.14496020e-01 5.59208592e-01 6.88359401e-01
 1.69914708e-01 1.46955266e-01 2.54475983e-01
 6.68879745e-01 5.81645392e-01 6.12277841e-01
 1.53052596e-01 8.40233685e-02 2.41142279e-01
 2.94293191e-01 9.18281850e-01 2.96813210e-01
 7.90289035e-01 9.93037425e-01 4.02830513e-01
 6.81679852e-01 8.76184401e-01 1.41784810e-01
 1.84001584e-01 1.11274360e-01 5.62542688e-01
 4.37386953e-01 4.20543013e-01 7.75321536e-01
 9.44419746e-01 5.24087639e-01 5.58000744e-01
 3.49255961e-01 9.91951062e-01 9.34300491e-01
 7.16251463e-01 8.18923528e-01 3.59058502e-01
 6.85709306e-01 6.74065121e-01 1.01589668e-01
 1.20512000e-01 5.53802046e-01 6.77897569e-01
 6.36710109e-01 7.92485682e-01 7.78371120e-01
 1.47443364e-01 6.58623634e-01 1.25121204e-01
 9.50811674e-01 1.05230804e-01 5.97722457e-01
 9.61498002e-01 9.47769172e-01 6.33288723e-01
 9.59649060e-01 4.98360105e-01 9.55131167e-01
 1.89865302e-01 4.89358956e-01 1.82042119e-01
 3.42489742e-01 7.92594082e-02 9.26416177e-01
 9.81675252e-01 4.83083841e-01 7.89498347e-01
 9.92287250e-01 9.35263991e-01 1.89641129e-01
 2.23020433e-01 8.55715024e-01 4.07586682e-01
 4.30586299e-01 8.48033748e-01 2.60228203e-01
 5.80593007e-01 6.14032042e-01 9.09796150e-01
 8.13040712e-01 3.56379204e-01 9.23787682e-01
 4.61496446e-01 9.05443331e-01 5.88984775e-01
 2.89309820e-01 2.51751316e-01 9.01961576e-02
 1.11170873e-01 1.54319250e-01 4.14434933e-01
 3.30514911e-01 2.02774615e-01 9.07541715e-01
 2.16862191e-01 4.83889521e-01 4.60211377e-01
 4.32518083e-01 5.98531580e-01 3.67442358e-01
 7.00168653e-01 8.33082621e-01 9.36474270e-01
 5.78442658e-01 7.32400118e-02 3.82085261e-01
 2.42205044e-01 2.60414310e-01 2.12289337e-01
 8.76094652e-01 9.06059052e-02 9.73439405e-01
 9.72156065e-01 4.51362545e-01 6.42999775e-01
 7.01818836e-01 8.13113410e-01 5.63813372e-01
 1.13909831e-04 1.81189082e-01 8.33330478e-01
 2.55000134e-01 9.33930612e-01 9.20797394e-01
 2.42102723e-03 7.96747749e-02 3.73734751e-01
 3.32395887e-02 3.40996513e-01 8.43295589e-01
 7.69357986e-01 2.43923215e-01 4.57540594e-01
 4.96929617e-01 1.09255018e-01 1.87423027e-01
 9.29115844e-01 3.78174684e-02 1.48134566e-01
 6.55129534e-01 3.30578171e-01 1.42568903e-02
 5.05126633e-01 1.85398493e-01 5.67385429e-01
 2.08542114e-01 7.60146777e-01 4.95197991e-01
 6.73589464e-02 7.81893618e-01 8.39162078e-01
 6.91872373e-01 3.09075674e-01 1.89005529e-02
 1.57769742e-01 3.05887468e-01 8.45148018e-01
 9.65527178e-02 8.66579445e-01 9.93455549e-01
 9.50986616e-02 8.58353366e-01 9.66748094e-01
 8.31660854e-01 6.89776899e-01 9.11477949e-01
 9.22047803e-01 6.53116125e-01 8.92998734e-01
 4.62638251e-01 5.22431643e-01 1.30266152e-01
 5.92125914e-01 6.04181121e-01 1.81744160e-01
 2.97177454e-01 7.52879394e-01 4.03129246e-01
 2.18011920e-01 5.44053712e-01 3.24957068e-04
 5.60608800e-01 2.12325688e-03 7.69313034e-01
 7.35417968e-01 6.13108208e-01 1.60542948e-01
 9.88085159e-01 8.89063374e-01 3.00062762e-01
 4.28865050e-01 3.38610769e-03 6.71022364e-01
 3.17076511e-02 1.08166819e-01 9.97693108e-01
 9.17880879e-01 8.03905623e-01 1.58989574e-01
 9.02848453e-02 8.85237061e-01 4.63675889e-01
 6.96643006e-01 3.39115418e-02 2.33728799e-01
