0.000000 0.006432 0.919227 1.165684 
0.000000 0.006432 0.944383 0.872167 
0.000000 0.006432 1.077022 1.416985 
0.000000 0.006432 0.870054 1.146515 
0.000000 0.006432 1.120113 0.784963 
0.000000 0.006432 1.472144 0.836653 
0.000000 0.006432 0.944279 1.167175 
0.000000 0.006432 0.891295 1.415157 
0.000000 0.006432 0.748727 0.925347 
0.000000 0.006432 1.002996 0.944057 
0.000000 0.011581 1.401448 0.786411 
0.000000 0.011581 1.266998 1.090853 
0.000000 0.011581 1.041170 0.702252 
0.000000 0.011581 0.771538 0.813550 
0.000000 0.011581 0.894303 0.882912 
0.000000 0.011581 1.045481 0.842522 
0.000000 0.011581 0.932690 0.743300 
0.000000 0.011581 1.319473 1.065955 
0.000000 0.011581 1.140330 0.911324 
0.000000 0.011581 1.408693 1.094751 
0.000000 0.016426 1.516658 0.950641 
0.000000 0.016426 0.909193 0.737799 
0.000000 0.016426 0.660106 1.034107 
0.000000 0.016426 0.897433 0.880563 
0.000000 0.016426 0.993194 1.005248 
0.000000 0.016426 0.819832 1.137798 
0.000000 0.016426 0.989603 1.103055 
0.000000 0.016426 1.064047 0.903238 
0.000000 0.016426 0.802120 1.046898 
0.000000 0.016426 0.895841 0.881943 
0.000000 0.021362 0.900532 1.242021 
0.000000 0.021362 0.953725 0.828956 
0.000000 0.021362 0.916773 0.979518 
0.000000 0.021362 1.214590 0.867305 
0.000000 0.021362 0.938109 1.087025 
0.000000 0.021362 0.897041 0.753203 
0.000000 0.021362 1.200460 0.974098 
0.000000 0.021362 1.079161 1.240843 
0.000000 0.021362 1.154182 0.890553 
0.000000 0.021362 0.938117 1.107651 
0.000000 0.026199 1.235674 1.118243 
0.000000 0.026199 1.009734 1.241172 
0.000000 0.026199 0.775990 0.969748 
0.000000 0.026199 1.013975 0.610922 
0.000000 0.026199 1.040837 1.065796 
0.000000 0.026199 0.927308 1.017879 
0.000000 0.026199 0.991517 1.284745 
0.000000 0.026199 1.108805 1.253384 
0.000000 0.026199 0.895554 0.986082 
0.000000 0.026199 1.002055 0.811863 
0.000000 0.031021 1.224630 0.698465 
0.000000 0.031021 1.202523 0.834066 
0.000000 0.031021 1.090153 0.898055 
0.000000 0.031021 0.914000 1.025970 
0.000000 0.031021 0.839923 0.852850 
0.000000 0.031021 1.178841 1.059195 
0.000000 0.031021 1.225184 1.140889 
0.000000 0.031021 1.227748 0.873485 
0.000000 0.031021 1.093710 1.151861 
0.000000 0.031021 1.054191 0.759753 
0.000000 0.035873 0.714349 0.967614 
0.000000 0.035873 1.133692 0.880775 
0.000000 0.035873 1.020798 1.118090 
0.000000 0.035873 0.937200 0.893840 
0.000000 0.035873 0.822512 1.369884 
0.000000 0.035873 1.086756 0.727241 
0.000000 0.035873 0.992849 0.883940 
0.000000 0.035873 0.774375 0.851990 
0.000000 0.035873 1.133560 0.840614 
0.000000 0.035873 1.009000 1.447981 
0.000000 0.040825 0.851810 1.072327 
0.000000 0.040825 0.980040 1.073544 
0.000000 0.040825 0.958984 1.388448 
0.000000 0.040825 1.111190 0.755801 
0.000000 0.040825 1.079223 1.043454 
0.000000 0.040825 1.319290 1.505907 
0.000000 0.040825 1.083397 1.081276 
0.000000 0.040825 0.909751 0.971570 
0.000000 0.040825 1.016051 1.092695 
0.000000 0.040825 1.119000 0.967709 
0.000000 0.045769 1.319382 1.027360 
0.000000 0.045769 1.096775 0.884594 
0.000000 0.045769 0.842284 1.245576 
0.000000 0.045769 1.007902 1.030552 
0.000000 0.045769 1.203014 0.732363 
0.000000 0.045769 0.838041 0.855546 
0.000000 0.045769 0.697696 1.173233 
0.000000 0.045769 0.957757 0.559066 
0.000000 0.045769 1.073224 0.810965 
0.000000 0.045769 1.093578 1.003147 
0.000000 0.050674 1.107102 0.839447 
0.000000 0.050674 1.055505 1.265229 
0.000000 0.050674 0.647853 1.532304 
0.000000 0.050674 0.741191 0.857031 
0.000000 0.050674 0.785691 1.085374 
0.000000 0.050674 0.805410 1.194181 
0.000000 0.050674 1.136904 0.718342 
0.000000 0.050674 0.448833 0.763246 
0.000000 0.050674 0.950459 0.840935 
0.000000 0.050674 1.047899 1.279538 
0.000000 0.055771 1.003017 0.952212 
0.000000 0.055771 1.086359 1.227474 
0.000000 0.055771 1.153470 1.107192 
0.000000 0.055771 0.762848 1.163075 
0.000000 0.055771 1.135463 0.948809 
0.000000 0.055771 1.219193 0.759190 
0.000000 0.055771 0.965858 1.207998 
0.000000 0.055771 1.116208 1.160446 
0.000000 0.055771 0.787419 0.552346 
0.000000 0.055771 1.072663 1.155765 
0.000000 0.060822 0.983606 1.391629 
0.000000 0.060822 1.268211 1.086361 
0.000000 0.060822 1.241016 0.852117 
0.000000 0.060822 1.024293 1.196008 
0.000000 0.060822 0.999270 0.771646 
0.000000 0.060822 1.036267 1.052912 
0.000000 0.060822 0.935286 1.103238 
0.000000 0.060822 0.949582 0.980245 
0.000000 0.060822 1.212149 1.156549 
0.000000 0.060822 1.047333 0.884952 
0.000000 0.065781 1.397720 0.976336 
0.000000 0.065781 1.233367 1.270453 
0.000000 0.065781 1.139642 0.984025 
0.000000 0.065781 1.139138 1.212634 
0.000000 0.065781 0.785013 0.896126 
0.000000 0.065781 1.107296 1.459652 
0.000000 0.065781 1.083570 1.209058 
0.000000 0.065781 1.026512 0.802415 
0.000000 0.065781 1.252286 0.688963 
0.000000 0.065781 0.923806 0.983765 
0.000000 0.070908 1.125306 1.094495 
0.000000 0.070908 0.918560 0.800689 
0.000000 0.070908 1.099800 1.149684 
0.000000 0.070908 1.403639 1.147973 
0.000000 0.070908 1.131065 1.179919 
0.000000 0.070908 1.270430 1.279874 
0.000000 0.070908 0.903447 1.089256 
0.000000 0.070908 1.132589 1.544695 
0.000000 0.070908 0.946212 0.870533 
0.000000 0.070908 0.894067 0.914523 
0.000000 0.075768 0.825002 1.091091 
0.000000 0.075768 0.872518 0.909482 
0.000000 0.075768 0.827575 0.460057 
0.000000 0.075768 1.065395 0.966762 
0.000000 0.075768 0.819486 0.787976 
0.000000 0.075768 1.037624 1.128863 
0.000000 0.075768 0.710409 0.980311 
0.000000 0.075768 1.063343 0.834327 
0.000000 0.075768 1.063565 0.916251 
0.000000 0.075768 1.194615 0.702420 
0.000000 0.080544 1.236987 1.459921 
0.000000 0.080544 0.905744 0.860829 
0.000000 0.080544 0.936922 1.288680 
0.000000 0.080544 1.026148 0.861175 
0.000000 0.080544 1.028327 0.928866 
0.000000 0.080544 1.078793 1.332015 
0.000000 0.080544 0.871473 1.255415 
0.000000 0.080544 0.702801 0.997597 
0.000000 0.080544 1.307858 0.724649 
0.000000 0.080544 1.061561 1.021573 
0.000000 0.085327 1.049143 0.838622 
0.000000 0.085327 0.774662 1.084578 
0.000000 0.085327 1.100342 0.930749 
0.000000 0.085327 0.993259 1.185026 
0.000000 0.085327 1.157792 1.028922 
0.000000 0.085327 1.063722 0.723613 
0.000000 0.085327 1.007217 0.926396 
0.000000 0.085327 0.699248 1.234343 
0.000000 0.085327 1.177685 1.017922 
0.000000 0.085327 1.080363 0.992145 
0.000000 0.090279 0.976288 1.165938 
0.000000 0.090279 1.037964 1.216801 
0.000000 0.090279 0.937562 1.647195 
0.000000 0.090279 0.852469 0.934215 
0.000000 0.090279 0.970913 0.701435 
0.000000 0.090279 1.003122 0.865594 
0.000000 0.090279 0.986033 1.067830 
0.000000 0.090279 0.862910 0.901959 
0.000000 0.090279 0.948443 1.270573 
0.000000 0.090279 0.657229 1.276681 
0.000000 0.095177 0.873974 0.837563 
0.000000 0.095177 1.350582 1.181619 
0.000000 0.095177 0.881752 1.344050 
0.000000 0.095177 0.940570 1.059006 
0.000000 0.095177 1.367562 1.093713 
0.000000 0.095177 0.888652 1.143474 
0.000000 0.095177 0.892931 0.956212 
0.000000 0.095177 1.168326 0.845934 
0.000000 0.095177 0.962701 1.165565 
0.000000 0.095177 0.769601 1.089577 
0.000000 0.100182 1.146682 1.017678 
0.000000 0.100182 1.265484 1.149787 
0.000000 0.100182 1.065209 1.246605 
0.000000 0.100182 1.285029 1.179356 
0.000000 0.100182 1.000341 0.966629 
0.000000 0.100182 1.065108 0.979888 
0.000000 0.100182 1.369997 0.693562 
0.000000 0.100182 0.929968 0.887723 
0.000000 0.100182 0.966981 0.974100 
0.000000 0.100182 1.316758 1.289751 
0.000000 0.105331 1.177953 0.914230 
0.000000 0.105331 1.008577 0.940881 
0.000000 0.105331 0.930884 0.943832 
0.000000 0.105331 0.991131 1.192301 
0.000000 0.105331 1.061606 1.109342 
0.000000 0.105331 1.204476 0.888467 
0.000000 0.105331 1.074003 0.720030 
0.000000 0.105331 1.152986 0.925025 
0.000000 0.105331 0.960564 0.857695 
0.000000 0.105331 0.683175 1.120710 
0.000000 0.110268 1.010127 1.077595 
0.000000 0.110268 0.973553 0.923789 
0.000000 0.110268 1.101441 1.304420 
0.000000 0.110268 1.003673 0.858637 
0.000000 0.110268 1.209253 0.963916 
0.000000 0.110268 0.947471 0.927659 
0.000000 0.110268 0.995008 0.850178 
0.000000 0.110268 1.159481 1.020436 
0.000000 0.110268 1.164055 0.712177 
0.000000 0.110268 0.659796 0.888400 
0.000000 0.115128 1.127891 0.954639 
0.000000 0.115128 0.935058 0.857819 
0.000000 0.115128 1.003004 0.942751 
0.000000 0.115128 1.205034 1.032233 
0.000000 0.115128 0.859287 1.204452 
0.000000 0.115128 1.122037 1.194862 
0.000000 0.115128 1.036823 1.108874 
0.000000 0.115128 1.068289 1.118345 
0.000000 0.115128 1.165048 1.191737 
0.000000 0.115128 0.825351 0.776430 
0.000000 0.119995 0.760609 0.996896 
0.000000 0.119995 0.901750 0.996495 
0.000000 0.119995 0.919564 0.922763 
0.000000 0.119995 0.961164 1.096694 
0.000000 0.119995 0.485525 1.126480 
0.000000 0.119995 0.836066 1.023417 
0.000000 0.119995 0.964201 1.137211 
0.000000 0.119995 1.250918 0.851210 
0.000000 0.119995 0.868008 1.357754 
0.000000 0.119995 1.045109 0.939292 
0.000000 0.125084 0.827210 0.738705 
0.000000 0.125084 1.164404 0.735237 
0.000000 0.125084 0.905055 1.097155 
0.000000 0.125084 0.788294 0.915465 
0.000000 0.125084 1.037955 1.076441 
0.000000 0.125084 1.071690 1.069509 
0.000000 0.125084 1.014820 1.072955 
0.000000 0.125084 1.026612 1.053337 
0.000000 0.125084 0.956252 0.979079 
0.000000 0.125084 1.106355 0.923061 
0.000000 0.129959 0.783259 0.847818 
0.000000 0.129959 0.998368 0.691096 
0.000000 0.129959 0.876647 1.087641 
0.000000 0.129959 0.809343 1.308589 
0.000000 0.129959 1.021036 1.397462 
0.000000 0.129959 0.990987 1.284813 
0.000000 0.129959 1.098158 0.804885 
0.000000 0.129959 1.090683 1.322500 
0.000000 0.129959 1.062393 0.751384 
0.000000 0.129959 0.960078 0.986039 
0.000000 0.135048 0.947027 0.766506 
0.000000 0.135048 1.389363 1.155673 
0.000000 0.135048 0.804828 1.127037 
0.000000 0.135048 1.352171 1.115877 
0.000000 0.135048 1.025389 0.886520 
0.000000 0.135048 0.975204 1.284072 
0.000000 0.135048 1.026836 0.888379 
0.000000 0.135048 1.114804 0.970923 
0.000000 0.135048 1.088294 1.070148 
0.000000 0.135048 1.078995 0.924614 
0.000000 0.140724 1.114114 1.131063 
0.000000 0.140724 0.925973 1.241454 
0.000000 0.140724 1.172745 0.796737 
0.000000 0.140724 1.256122 1.005838 
0.000000 0.140724 1.155048 0.894128 
0.000000 0.140724 0.815807 1.012867 
0.000000 0.140724 0.951103 1.055991 
0.000000 0.140724 0.858847 1.002503 
0.000000 0.140724 0.961052 0.962374 
0.000000 0.140724 0.838691 0.926639 
0.000000 0.145844 1.151652 1.492090 
0.000000 0.145844 0.958267 0.917937 
0.000000 0.145844 0.958345 0.852174 
0.000000 0.145844 0.688921 1.347126 
0.000000 0.145844 1.074884 0.959896 
0.000000 0.145844 1.339066 1.205105 
0.000000 0.145844 0.849037 0.933509 
0.000000 0.145844 0.669052 0.533883 
0.000000 0.145844 1.125475 1.357184 
0.000000 0.145844 0.786304 0.930420 
0.000000 0.150818 0.716410 0.721540 
0.000000 0.150818 1.108307 1.088692 
0.000000 0.150818 0.859733 1.094035 
0.000000 0.150818 0.850179 1.049838 
0.000000 0.150818 1.206217 0.920408 
0.000000 0.150818 0.966356 1.346453 
0.000000 0.150818 0.936076 0.671547 
0.000000 0.150818 0.814943 1.283893 
0.000000 0.150818 0.963302 0.761931 
0.000000 0.150818 0.926774 1.105593 
0.000000 0.156113 0.840853 0.782922 
0.000000 0.156113 0.893374 1.302634 
0.000000 0.156113 1.000857 1.315676 
0.000000 0.156113 0.920190 0.741665 
0.000000 0.156113 0.905454 1.251255 
0.000000 0.156113 0.885516 1.022914 
0.000000 0.156113 1.235667 0.769053 
0.000000 0.156113 1.145345 1.029345 
0.000000 0.156113 1.019077 0.952734 
0.000000 0.156113 0.989282 0.870425 
0.000000 0.161240 1.157464 1.111051 
0.000000 0.161240 0.909899 1.102915 
0.000000 0.161240 0.809179 0.824235 
0.000000 0.161240 1.143194 0.786764 
0.000000 0.161240 1.034209 1.405756 
0.000000 0.161240 1.039480 0.953105 
0.000000 0.161240 0.987076 1.131430 
0.000000 0.161240 0.984118 1.049135 
0.000000 0.161240 0.677814 1.130941 
0.000000 0.161240 1.060037 0.821410 
0.000000 0.166351 0.985790 0.524784 
0.000000 0.166351 0.978254 1.066840 
0.000000 0.166351 1.177614 1.044868 
0.000000 0.166351 0.928358 1.043294 
0.000000 0.166351 1.027056 1.027423 
0.000000 0.166351 1.127551 0.884414 
0.000000 0.166351 1.240676 0.839152 
0.000000 0.166351 1.142884 0.660480 
0.000000 0.166351 1.017587 1.207540 
0.000000 0.166351 0.718235 1.225018 
0.000000 0.172585 1.203677 0.846037 
0.000000 0.172585 1.036926 0.968187 
0.000000 0.172585 1.140311 1.140343 
0.000000 0.172585 0.579398 1.391056 
0.000000 0.172585 1.106851 1.086039 
0.000000 0.172585 0.798595 1.250640 
0.000000 0.172585 1.211413 0.973433 
0.000000 0.172585 1.174736 0.953426 
0.000000 0.172585 0.903395 1.160564 
0.000000 0.172585 0.988776 1.025035 
0.000000 0.178406 1.248299 1.052806 
0.000000 0.178406 1.266802 0.827669 
0.000000 0.178406 0.726083 0.851707 
0.000000 0.178406 0.739608 0.601733 
0.000000 0.178406 1.107309 1.067621 
0.000000 0.178406 1.028138 1.209580 
0.000000 0.178406 1.023659 1.083200 
0.000000 0.178406 0.957349 1.248821 
0.000000 0.178406 1.039712 1.376951 
0.000000 0.178406 1.031504 0.879730 
0.000000 0.184509 1.405011 1.465183 
0.000000 0.184509 1.151422 1.117539 
0.000000 0.184509 0.999550 0.730924 
0.000000 0.184509 0.920257 1.103007 
0.000000 0.184509 0.874774 1.086569 
0.000000 0.184509 0.944857 0.464395 
0.000000 0.184509 1.192127 1.057433 
0.000000 0.184509 0.905167 0.975745 
0.000000 0.184509 1.095041 1.011565 
0.000000 0.184509 1.310050 1.155312 
0.000000 0.190117 1.137638 0.843182 
0.000000 0.190117 1.059024 1.192614 
0.000000 0.190117 1.057852 1.242961 
0.000000 0.190117 1.207368 1.011766 
0.000000 0.190117 1.091790 1.021100 
0.000000 0.190117 0.662696 0.798606 
0.000000 0.190117 1.088932 1.025227 
0.000000 0.190117 0.964440 0.829103 
0.000000 0.190117 1.029365 0.840948 
0.000000 0.190117 1.091099 1.016934 
0.000000 0.195099 0.779015 0.759531 
0.000000 0.195099 1.348277 0.629986 
0.000000 0.195099 0.861530 1.330130 
0.000000 0.195099 0.835943 1.292569 
0.000000 0.195099 0.755613 1.221391 
0.000000 0.195099 0.863705 0.901797 
0.000000 0.195099 1.050781 0.979632 
0.000000 0.195099 0.607031 1.009570 
0.000000 0.195099 0.779719 1.345059 
0.000000 0.195099 1.031809 0.816429 
0.000000 0.200089 0.938790 0.992522 
0.000000 0.200089 1.088312 0.764967 
0.000000 0.200089 0.973406 1.062902 
0.000000 0.200089 1.056803 1.036307 
0.000000 0.200089 0.914469 1.103204 
0.000000 0.200089 1.176029 1.020429 
0.000000 0.200089 1.373851 1.066731 
0.000000 0.200089 0.999165 0.987473 
0.000000 0.200089 1.107829 1.137373 
0.000000 0.200089 1.119336 0.666577 
0.000000 0.205162 1.112287 0.832775 
0.000000 0.205162 1.072380 0.628891 
0.000000 0.205162 1.016932 0.777739 
0.000000 0.205162 0.883629 1.134103 
0.000000 0.205162 1.309959 1.027129 
0.000000 0.205162 1.172817 1.158385 
0.000000 0.205162 0.876565 1.027101 
0.000000 0.205162 0.847050 1.065206 
0.000000 0.205162 0.907531 0.933431 
0.000000 0.205162 1.300376 0.869647 
0.000000 0.209984 1.041705 1.078176 
0.000000 0.209984 0.727126 0.850518 
0.000000 0.209984 0.974239 0.916746 
0.000000 0.209984 0.953882 0.950382 
0.000000 0.209984 1.220318 1.247332 
0.000000 0.209984 0.942465 1.121719 
0.000000 0.209984 0.707776 1.197280 
0.000000 0.209984 0.903108 1.212238 
0.000000 0.209984 0.866863 0.781620 
0.000000 0.209984 1.147242 0.735357 
0.000000 0.214806 0.839437 0.898650 
0.000000 0.214806 0.926666 1.101693 
0.000000 0.214806 1.037178 0.925207 
0.000000 0.214806 1.019089 0.882778 
0.000000 0.214806 1.237531 1.055628 
0.000000 0.214806 1.179496 0.792490 
0.000000 0.214806 0.977012 1.371390 
0.000000 0.214806 1.058185 1.261304 
0.000000 0.214806 0.838570 1.221764 
0.000000 0.214806 0.894266 1.153901 
0.000000 0.219688 0.964142 1.210268 
0.000000 0.219688 0.965605 1.108088 
0.000000 0.219688 0.891440 1.151844 
0.000000 0.219688 0.749877 1.159822 
0.000000 0.219688 0.953345 0.904451 
0.000000 0.219688 1.296498 0.657282 
0.000000 0.219688 1.099494 0.939390 
0.000000 0.219688 0.968644 0.820416 
0.000000 0.219688 0.929180 1.279867 
0.000000 0.219688 0.822316 1.134197 
0.000000 0.224869 0.940677 1.104965 
0.000000 0.224869 1.198116 0.783887 
0.000000 0.224869 0.867347 1.115944 
0.000000 0.224869 1.516344 0.775596 
0.000000 0.224869 0.973514 0.893285 
0.000000 0.224869 1.146664 1.230827 
0.000000 0.224869 0.478950 1.430422 
0.000000 0.224869 1.255659 1.078524 
0.000000 0.224869 1.110276 0.887296 
0.000000 0.224869 1.370936 0.904352 
0.000000 0.229797 0.964201 1.198456 
0.000000 0.229797 0.886273 0.761211 
0.000000 0.229797 1.090374 0.883968 
0.000000 0.229797 0.949359 1.190074 
0.000000 0.229797 0.632870 1.406288 
0.000000 0.229797 1.057438 1.136190 
0.000000 0.229797 0.730200 1.047295 
0.000000 0.229797 0.943839 1.173103 
0.000000 0.229797 0.785224 0.928814 
0.000000 0.229797 0.997714 0.973781 
0.000000 0.234734 0.756152 1.065313 
0.000000 0.234734 1.050165 0.791053 
0.000000 0.234734 1.241723 0.826877 
0.000000 0.234734 1.028845 0.947678 
0.000000 0.234734 1.175842 1.116980 
0.000000 0.234734 1.238038 1.109186 
0.000000 0.234734 0.989932 1.173509 
0.000000 0.234734 0.941136 1.171041 
0.000000 0.234734 0.676676 0.702099 
0.000000 0.234734 0.517403 1.249894 
0.000000 0.239685 1.149955 0.914142 
0.000000 0.239685 1.030730 0.836323 
0.000000 0.239685 1.089833 1.308911 
0.000000 0.239685 1.028737 1.313217 
0.000000 0.239685 1.341131 1.066261 
0.000000 0.239685 0.933792 0.929927 
0.000000 0.239685 0.866401 1.149376 
0.000000 0.239685 0.586491 0.940601 
0.000000 0.239685 0.942703 1.189123 
0.000000 0.239685 1.553871 1.270122 
0.000000 0.244507 0.985727 0.970481 
0.000000 0.244507 1.090694 1.169131 
0.000000 0.244507 1.230635 1.346943 
0.000000 0.244507 0.965471 0.920853 
0.000000 0.244507 0.973632 0.840404 
0.000000 0.244507 1.405963 0.942464 
0.000000 0.244507 1.054894 1.012070 
0.000000 0.244507 0.956381 1.030924 
0.000000 0.244507 1.051333 1.166564 
0.000000 0.244507 1.031907 0.652744 
0.000000 0.249352 0.863936 0.874912 
0.000000 0.249352 1.087949 0.873619 
0.000000 0.249352 0.949153 0.660840 
0.000000 0.249352 1.142051 1.194182 
0.000000 0.249352 0.946081 1.052038 
0.000000 0.249352 0.830910 1.293891 
0.000000 0.249352 0.854759 1.053548 
0.000000 0.249352 1.113758 1.303495 
0.000000 0.249352 1.010477 1.078708 
0.000000 0.249352 1.262921 1.434821 
0.000000 0.254211 1.293845 0.805632 
0.000000 0.254211 1.010142 0.972289 
0.000000 0.254211 0.940569 1.201773 
0.000000 0.254211 1.115585 0.869349 
0.000000 0.254211 0.766987 0.920326 
0.000000 0.254211 0.927974 0.856461 
0.000000 0.254211 0.718679 0.887681 
0.000000 0.254211 1.153157 0.866221 
0.000000 0.254211 0.998005 0.702271 
0.000000 0.254211 0.889785 1.100153 
0.000000 0.259399 0.828332 1.099594 
0.000000 0.259399 0.807263 1.113728 
0.000000 0.259399 1.428275 1.071910 
0.000000 0.259399 0.778642 0.995578 
0.000000 0.259399 0.918157 0.950470 
0.000000 0.259399 1.263170 0.517776 
0.000000 0.259399 0.764453 0.972952 
0.000000 0.259399 0.927462 1.271742 
0.000000 0.259399 1.138095 1.599011 
0.000000 0.259399 1.481106 0.864133 
0.000000 0.264313 1.162441 1.235298 
0.000000 0.264313 0.692407 1.164491 
0.000000 0.264313 1.076458 0.951938 
0.000000 0.264313 0.929249 0.773785 
0.000000 0.264313 1.031512 0.798656 
0.000000 0.264313 0.916123 0.726849 
0.000000 0.264313 0.816287 1.158500 
0.000000 0.264313 0.933493 0.989782 
0.000000 0.264313 0.896781 1.124154 
0.000000 0.264313 0.862382 1.174192 
0.000000 0.270943 1.220146 1.012915 
0.000000 0.270943 0.803848 0.704092 
0.000000 0.270943 0.920533 1.413916 
0.000000 0.270943 0.867782 1.033870 
0.000000 0.270943 0.621608 1.072569 
0.000000 0.270943 1.186469 1.346958 
0.000000 0.270943 1.151178 0.977995 
0.000000 0.270943 0.887847 1.172771 
0.000000 0.270943 0.977307 0.864887 
0.000000 0.270943 1.340448 1.023771 
0.000000 0.276138 1.116076 1.299070 
0.000000 0.276138 0.822905 0.805711 
0.000000 0.276138 1.256413 0.858357 
0.000000 0.276138 1.028442 0.870951 
0.000000 0.276138 0.909662 0.931788 
0.000000 0.276138 1.065501 0.952239 
0.000000 0.276138 0.888192 0.947189 
0.000000 0.276138 1.159345 1.099766 
0.000000 0.276138 0.737915 1.185259 
0.000000 0.276138 0.952159 0.880790 
0.000000 0.281052 0.689802 1.017760 
0.000000 0.281052 0.988481 1.077484 
0.000000 0.281052 0.985698 0.836671 
0.000000 0.281052 1.029572 0.741338 
0.000000 0.281052 1.012940 0.947584 
0.000000 0.281052 0.810452 0.960380 
0.000000 0.281052 1.055744 1.021280 
0.000000 0.281052 0.769098 0.595472 
0.000000 0.281052 1.041519 1.315714 
0.000000 0.281052 1.032940 0.576952 
0.000000 0.285934 1.215721 0.970544 
0.000000 0.285934 1.214533 0.842861 
0.000000 0.285934 0.974988 0.994709 
0.000000 0.285934 0.918200 0.848144 
0.000000 0.285934 1.020283 1.009904 
0.000000 0.285934 0.876055 1.166362 
0.000000 0.285934 0.776466 1.224354 
0.000000 0.285934 0.837752 1.125735 
0.000000 0.285934 0.892016 1.068165 
0.000000 0.285934 0.913481 0.801544 
0.000000 0.291100 1.476436 1.210962 
0.000000 0.291100 1.037563 0.768342 
0.000000 0.291100 1.085288 1.018241 
0.000000 0.291100 1.064429 1.219933 
0.000000 0.291100 1.266491 1.139292 
0.000000 0.291100 1.136234 0.860960 
0.000000 0.291100 1.094858 1.088524 
0.000000 0.291100 0.481617 0.945179 
0.000000 0.291100 1.047663 0.922868 
0.000000 0.291100 0.986527 0.908669 
0.000000 0.296028 1.010662 1.114878 
0.000000 0.296028 0.729609 0.856192 
0.000000 0.296028 0.638589 1.004035 
0.000000 0.296028 0.831370 1.222632 
0.000000 0.296028 0.720378 1.302998 
0.000000 0.296028 0.841222 0.900955 
0.000000 0.296028 1.075977 0.895221 
0.000000 0.296028 1.084252 0.947713 
0.000000 0.296028 1.103978 1.126904 
0.000000 0.296028 0.916424 1.110149 
0.000000 0.300888 1.024438 1.321773 
0.000000 0.300888 1.110592 0.978835 
0.000000 0.300888 1.169600 0.781207 
0.000000 0.300888 0.845784 1.481619 
0.000000 0.300888 0.709570 0.682293 
0.000000 0.300888 1.063681 0.782100 
0.000000 0.300888 0.829464 1.460427 
0.000000 0.300888 0.976943 1.080803 
0.000000 0.300888 0.702034 0.833407 
0.000000 0.300888 1.009699 0.884942 
0.000000 0.305946 1.055951 1.321585 
0.000000 0.305946 1.377320 1.754062 
0.000000 0.305946 1.174491 1.261016 
0.000000 0.305946 1.310259 0.871534 
0.000000 0.305946 0.862931 1.047683 
0.000000 0.305946 0.730378 0.842383 
0.000000 0.305946 0.760883 0.681629 
0.000000 0.305946 1.095846 0.942602 
0.000000 0.305946 1.036586 0.748815 
0.000000 0.305946 1.026874 1.068859 
0.000000 0.310745 0.792999 1.165954 
0.000000 0.310745 1.128275 0.830102 
0.000000 0.310745 1.258263 1.082540 
0.000000 0.310745 0.752229 1.038285 
0.000000 0.310745 1.001807 1.083724 
0.000000 0.310745 0.837111 0.592479 
0.000000 0.310745 0.938193 1.153270 
0.000000 0.310745 1.006087 1.014583 
0.000000 0.310745 0.864928 1.187220 
0.000000 0.310745 0.467807 0.582575 
0.000000 0.315590 0.845682 0.802290 
0.000000 0.315590 1.089409 1.012040 
0.000000 0.315590 0.981354 1.290935 
0.000000 0.315590 0.791565 0.971151 
0.000000 0.315590 1.407365 0.985671 
0.000000 0.315590 0.939051 0.988522 
0.000000 0.315590 1.280552 1.077335 
0.000000 0.315590 0.979561 0.690229 
0.000000 0.315590 1.040268 0.983981 
0.000000 0.315590 0.966818 1.282602 
0.000000 0.320442 0.999139 1.083636 
0.000000 0.320442 1.198622 0.824615 
0.000000 0.320442 0.646596 0.756799 
0.000000 0.320442 0.646952 0.823921 
0.000000 0.320442 0.687682 1.042902 
0.000000 0.320442 0.781995 0.913378 
0.000000 0.320442 1.030103 1.175740 
0.000000 0.320442 1.061865 1.361375 
0.000000 0.320442 0.927313 1.059058 
0.000000 0.320442 1.124254 1.150992 
0.000000 0.325363 0.830824 0.768237 
0.000000 0.325363 0.977199 0.681426 
0.000000 0.325363 0.963036 1.062628 
0.000000 0.325363 1.050314 0.899596 
0.000000 0.325363 0.981669 0.641646 
0.000000 0.325363 1.031047 0.752674 
0.000000 0.325363 0.933137 0.873045 
0.000000 0.325363 1.157458 1.016195 
0.000000 0.325363 1.082148 0.971830 
0.000000 0.325363 1.096683 1.105081 
0.000000 0.330215 0.868619 0.727935 
0.000000 0.330215 0.987642 1.308214 
0.000000 0.330215 0.950002 0.750888 
0.000000 0.330215 1.291924 0.589983 
0.000000 0.330215 0.776825 1.085816 
0.000000 0.330215 0.801687 1.120168 
0.000000 0.330215 1.201177 0.782174 
0.000000 0.330215 0.733227 1.080784 
0.000000 0.330215 1.103684 1.064649 
0.000000 0.330215 1.029528 1.017668 
0.000000 0.335075 0.721950 0.910783 
0.000000 0.335075 1.244646 0.824267 
0.000000 0.335075 0.676170 0.781633 
0.000000 0.335075 0.900944 1.516782 
0.000000 0.335075 0.907639 1.354355 
0.000000 0.335075 0.904166 1.096279 
0.000000 0.335075 1.168577 0.905138 
0.000000 0.335075 1.070155 1.080058 
0.000000 0.335075 0.992397 1.064605 
0.000000 0.335075 0.534992 1.113411 
0.000000 0.340302 0.649585 1.284478 
0.000000 0.340302 0.852343 1.200120 
0.000000 0.340302 1.368007 1.047504 
0.000000 0.340302 0.840234 0.964122 
0.000000 0.340302 0.787789 0.928331 
0.000000 0.340302 0.783822 0.924918 
0.000000 0.340302 1.042696 0.955850 
0.000000 0.340302 1.012406 0.923861 
0.000000 0.340302 1.027142 0.974525 
0.000000 0.340302 0.963944 0.729478 
0.000000 0.345161 0.785528 1.012769 
0.000000 0.345161 1.042668 0.861794 
0.000000 0.345161 1.109408 0.944051 
0.000000 0.345161 0.903216 1.117869 
0.000000 0.345161 1.032887 1.141006 
0.000000 0.345161 1.244375 1.466054 
0.000000 0.345161 0.981001 0.811789 
0.000000 0.345161 1.071026 1.448852 
0.000000 0.345161 0.963666 0.985655 
0.000000 0.345161 0.930833 0.800919 
0.000000 0.350006 0.745062 1.085025 
0.000000 0.350006 0.839716 1.154603 
0.000000 0.350006 0.698666 0.998470 
0.000000 0.350006 0.818265 1.217519 
0.000000 0.350006 1.296225 0.571323 
0.000000 0.350006 1.138513 0.926199 
0.000000 0.350006 1.310979 0.736602 
0.000000 0.350006 1.080675 1.046951 
0.000000 0.350006 1.460172 1.265519 
0.000000 0.350006 0.562049 0.930911 
0.000000 0.354828 0.996151 0.875549 
0.000000 0.354828 0.741449 1.124218 
0.000000 0.354828 0.936162 0.960734 
0.000000 0.354828 1.136554 1.055959 
0.000000 0.354828 0.613949 0.797162 
0.000000 0.354828 0.900483 1.361653 
0.000000 0.354828 0.943999 0.972128 
0.000000 0.354828 1.197325 1.459795 
0.000000 0.354828 0.936106 0.884244 
0.000000 0.354828 1.012110 0.907809 
0.000000 0.359810 1.104823 1.114719 
0.000000 0.359810 0.789745 0.986637 
0.000000 0.359810 1.245000 1.124630 
0.000000 0.359810 0.597704 0.784559 
0.000000 0.359810 1.107262 1.125641 
0.000000 0.359810 0.808011 0.885999 
0.000000 0.359810 0.554308 1.068213 
0.000000 0.359810 0.836127 1.201264 
0.000000 0.359810 1.214003 1.111424 
0.000000 0.359810 0.803226 1.128378 
0.000000 0.364586 0.858083 1.004670 
0.000000 0.364586 0.755693 1.073927 
0.000000 0.364586 1.140400 1.388086 
0.000000 0.364586 1.138554 1.131592 
0.000000 0.364586 1.098256 0.962322 
0.000000 0.364586 1.025646 0.734467 
0.000000 0.364586 0.876887 0.464435 
0.000000 0.364586 0.701382 1.353902 
0.000000 0.364586 0.789835 0.881252 
0.000000 0.364586 0.851917 0.699760 
0.000000 0.369377 1.080902 1.033942 
0.000000 0.369377 1.069500 0.865266 
0.000000 0.369377 0.841771 1.114627 
0.000000 0.369377 0.616561 0.792183 
0.000000 0.369377 1.231909 0.846107 
0.000000 0.369377 0.792609 1.098751 
0.000000 0.369377 0.610740 1.340287 
0.000000 0.369377 0.895920 1.196962 
0.000000 0.369377 0.858715 1.277938 
0.000000 0.369377 0.506486 0.950519 
0.000000 0.374352 1.121733 1.088300 
0.000000 0.374352 0.912852 1.152568 
0.000000 0.374352 0.748232 0.822576 
0.000000 0.374352 0.997537 0.842528 
0.000000 0.374352 1.279975 0.835009 
0.000000 0.374352 0.736030 1.201299 
0.000000 0.374352 0.929446 0.945861 
0.000000 0.374352 0.854478 1.211647 
0.000000 0.374352 1.173464 0.807024 
0.000000 0.374352 0.728858 0.461547 
0.000000 0.379272 1.145707 0.926543 
0.000000 0.379272 1.000406 0.946725 
0.000000 0.379272 1.090315 1.173071 
0.000000 0.379272 1.213004 1.202430 
0.000000 0.379272 1.116199 1.039132 
0.000000 0.379272 1.058273 1.201580 
0.000000 0.379272 0.878824 1.109808 
0.000000 0.379272 1.013278 1.038505 
0.000000 0.379272 1.072361 0.976692 
0.000000 0.379272 1.040536 0.652285 
0.000000 0.384247 1.327896 1.098842 
0.000000 0.384247 0.850239 1.396638 
0.000000 0.384247 0.813533 0.818998 
0.000000 0.384247 0.600599 0.976380 
0.000000 0.384247 1.227884 0.770405 
0.000000 0.384247 0.943144 0.483867 
0.000000 0.384247 0.675411 1.085261 
0.000000 0.384247 1.290391 0.741437 
0.000000 0.384247 0.713716 0.952699 
0.000000 0.384247 1.029370 0.848876 
0.000000 0.389305 0.987101 0.774432 
0.000000 0.389305 0.992482 1.167440 
0.000000 0.389305 0.772873 1.032812 
0.000000 0.389305 1.023500 1.159956 
0.000000 0.389305 1.006726 1.085342 
0.000000 0.389305 1.163168 0.802690 
0.000000 0.389305 0.977731 0.945528 
0.000000 0.389305 1.003751 1.114952 
0.000000 0.389305 1.035161 0.831767 
0.000000 0.389305 1.022694 0.909430 
0.000000 0.394135 0.632594 0.778986 
0.000000 0.394135 0.799156 0.997298 
0.000000 0.394135 1.036447 1.232709 
0.000000 0.394135 1.049819 1.048916 
0.000000 0.394135 0.906830 0.714394 
0.000000 0.394135 0.825983 1.173159 
0.000000 0.394135 0.849298 1.025082 
0.000000 0.394135 0.756615 0.828188 
0.000000 0.394135 0.718189 1.395080 
0.000000 0.394135 0.862433 0.747690 
0.000000 0.399017 0.431806 0.766051 
0.000000 0.399017 0.980750 0.771072 
0.000000 0.399017 1.259119 1.234044 
0.000000 0.399017 1.042446 1.209652 
0.000000 0.399017 1.008792 0.826501 
0.000000 0.399017 0.900574 1.033264 
0.000000 0.399017 1.371519 1.015628 
0.000000 0.399017 0.919022 1.387229 
0.000000 0.399017 1.181608 0.830758 
0.000000 0.399017 0.836492 1.110617 
0.000000 0.403877 0.807797 1.078689 
0.000000 0.403877 0.926740 0.806260 
0.000000 0.403877 0.909557 1.099316 
0.000000 0.403877 0.737960 0.630919 
0.000000 0.403877 0.904066 0.892194 
0.000000 0.403877 0.880284 0.849368 
0.000000 0.403877 0.998273 0.749012 
0.000000 0.403877 0.971611 0.701437 
0.000000 0.403877 1.153812 0.780600 
0.000000 0.403877 1.042424 1.122356 
0.000000 0.408913 0.899546 0.759402 
0.000000 0.408913 0.782291 0.915634 
0.000000 0.408913 1.152592 1.029746 
0.000000 0.408913 0.935057 1.099467 
0.000000 0.408913 1.092877 0.926227 
0.000000 0.408913 0.826756 0.709334 
0.000000 0.408913 0.956350 1.164583 
0.000000 0.408913 0.830308 0.680739 
0.000000 0.408913 0.957181 1.192256 
0.000000 0.408913 0.967537 0.806999 
0.000000 0.413704 0.980667 0.993434 
0.000000 0.413704 1.001467 0.996229 
0.000000 0.413704 1.172350 1.172761 
0.000000 0.413704 1.038240 1.067079 
0.000000 0.413704 0.902717 0.811308 
0.000000 0.413704 0.736732 0.981632 
0.000000 0.413704 0.921254 0.985517 
0.000000 0.413704 0.988979 0.967432 
0.000000 0.413704 0.911149 0.865292 
0.000000 0.413704 0.925201 0.630937 
0.000000 0.418541 0.867236 0.914817 
0.000000 0.418541 1.234346 0.916603 
0.000000 0.418541 1.025429 1.054767 
0.000000 0.418541 0.868535 0.736133 
0.000000 0.418541 0.655075 0.729934 
0.000000 0.418541 0.906721 1.203414 
0.000000 0.418541 0.931185 1.313643 
0.000000 0.418541 1.262970 1.103628 
0.000000 0.418541 1.067691 1.002272 
0.000000 0.418541 0.931483 0.721021 
0.000000 0.423538 1.175366 1.063926 
0.000000 0.423538 0.856872 0.879618 
0.000000 0.423538 1.060828 0.937565 
0.000000 0.423538 1.224538 1.000862 
0.000000 0.423538 0.721362 0.921170 
0.000000 0.423538 0.719605 0.542521 
0.000000 0.423538 0.807158 1.148919 
0.000000 0.423538 0.935680 1.362225 
0.000000 0.423538 0.986136 1.452610 
0.000000 0.423538 1.126550 0.989620 
0.000000 0.428429 1.197945 0.874213 
0.000000 0.428429 1.054142 0.670345 
0.000000 0.428429 0.849030 0.824272 
0.000000 0.428429 1.063008 1.361376 
0.000000 0.428429 0.866583 1.022638 
0.000000 0.428429 1.086881 1.128210 
0.000000 0.428429 0.970521 1.123993 
0.000000 0.428429 0.989735 0.980197 
0.000000 0.428429 0.763252 1.439827 
0.000000 0.428429 0.834950 0.879763 
0.000000 0.433350 1.328288 0.399004 
0.000000 0.433350 1.076772 1.067986 
0.000000 0.433350 0.769640 0.891747 
0.000000 0.433350 1.394561 1.030154 
0.000000 0.433350 1.201938 1.034439 
0.000000 0.433350 0.918135 1.126839 
0.000000 0.433350 1.233226 0.904348 
0.000000 0.433350 0.853527 0.865155 
0.000000 0.433350 1.032839 0.938555 
0.000000 0.433350 1.198064 1.103440 
0.000000 0.438347 1.004974 0.959485 
0.000000 0.438347 0.793901 0.649763 
0.000000 0.438347 0.960342 1.124441 
0.000000 0.438347 0.665508 0.979065 
0.000000 0.438347 1.432673 0.695021 
0.000000 0.438347 0.868363 1.127196 
0.000000 0.438347 1.477043 0.866997 
0.000000 0.438347 0.961087 0.970111 
0.000000 0.438347 1.099167 1.214791 
0.000000 0.438347 1.060877 1.082959 
0.000000 0.443451 1.259993 0.641907 
0.000000 0.443451 0.985457 0.910308 
0.000000 0.443451 1.259949 1.241449 
0.000000 0.443451 1.177745 0.952758 
0.000000 0.443451 1.182303 0.945094 
0.000000 0.443451 1.047123 0.965534 
0.000000 0.443451 0.737027 1.277366 
0.000000 0.443451 1.114756 1.194410 
0.000000 0.443451 1.148254 1.033722 
0.000000 0.443451 1.356220 0.896451 
0.000000 0.448280 1.005466 1.137606 
0.000000 0.448280 1.111134 0.850508 
0.000000 0.448280 1.222755 0.940697 
0.000000 0.448280 1.137889 1.422452 
0.000000 0.448280 1.430812 0.772000 
0.000000 0.448280 1.173623 0.960848 
0.000000 0.448280 0.902273 1.166669 
0.000000 0.448280 0.862797 0.918026 
0.000000 0.448280 0.929960 0.777872 
0.000000 0.448280 1.088839 0.659090 
0.000000 0.453133 0.771894 1.167210 
0.000000 0.453133 0.914664 1.160287 
0.000000 0.453133 1.201055 1.182768 
0.000000 0.453133 0.666366 0.753651 
0.000000 0.453133 0.994982 1.072961 
0.000000 0.453133 1.044542 0.831067 
0.000000 0.453133 0.638041 1.456577 
0.000000 0.453133 0.895007 0.920022 
0.000000 0.453133 1.075269 1.230345 
0.000000 0.453133 1.245378 0.744306 
0.000000 0.460411 0.859096 1.008448 
0.000000 0.460411 0.860247 1.176357 
0.000000 0.460411 0.995556 1.252706 
0.000000 0.460411 1.022485 0.927790 
0.000000 0.460411 1.187948 0.948642 
0.000000 0.460411 1.057303 1.051818 
0.000000 0.460411 0.967815 0.739199 
0.000000 0.460411 0.972867 1.255500 
0.000000 0.460411 0.924590 1.234756 
0.000000 0.460411 1.001853 0.732480 
0.000000 0.465294 0.831239 0.447756 
0.000000 0.465294 0.849336 0.923320 
0.000000 0.465294 0.970768 0.728939 
0.000000 0.465294 0.995715 0.979553 
0.000000 0.465294 1.030153 1.044362 
0.000000 0.465294 1.305406 0.981438 
0.000000 0.465294 0.889279 1.172471 
0.000000 0.465294 0.989138 0.873113 
0.000000 0.465294 0.831493 0.811091 
0.000000 0.465294 0.982831 1.384803 
0.000000 0.470207 1.094478 0.831305 
0.000000 0.470207 1.016148 0.993815 
0.000000 0.470207 0.951463 1.049738 
0.000000 0.470207 1.551573 1.288130 
0.000000 0.470207 1.271321 1.083447 
0.000000 0.470207 1.426905 0.678090 
0.000000 0.470207 1.148316 0.902074 
0.000000 0.470207 0.754301 1.160797 
0.000000 0.470207 1.030780 0.866166 
0.000000 0.470207 0.706168 0.738078 
0.000000 0.475082 0.948377 1.087471 
0.000000 0.475082 1.018189 1.152134 
0.000000 0.475082 1.148659 0.916146 
0.000000 0.475082 0.642925 1.267020 
0.000000 0.475082 1.172800 0.785730 
0.000000 0.475082 0.980619 1.178236 
0.000000 0.475082 0.704655 1.003163 
0.000000 0.475082 0.993192 0.998015 
0.000000 0.475082 0.875495 1.081271 
0.000000 0.475082 0.832650 1.253198 
0.000000 0.480156 0.972133 0.908503 
0.000000 0.480156 0.670017 0.900300 
0.000000 0.480156 1.289968 0.681109 
0.000000 0.480156 0.944796 1.004749 
0.000000 0.480156 1.123920 0.714450 
0.000000 0.480156 0.962133 1.001701 
0.000000 0.480156 1.183477 0.908946 
0.000000 0.480156 0.974608 1.127586 
0.000000 0.480156 0.843712 0.826034 
0.000000 0.480156 1.211862 1.411812 
0.000000 0.485077 0.888375 0.875601 
0.000000 0.485077 1.249077 1.076714 
0.000000 0.485077 0.809984 1.057191 
0.000000 0.485077 1.026164 1.157218 
0.000000 0.485077 0.942786 1.077107 
0.000000 0.485077 1.120179 0.942446 
0.000000 0.485077 1.062815 0.641362 
0.000000 0.485077 0.967550 0.957385 
0.000000 0.485077 1.116874 1.108810 
0.000000 0.485077 1.355189 0.646412 
0.000000 0.490013 1.103892 0.938204 
0.000000 0.490013 0.900859 1.100940 
0.000000 0.490013 0.922463 0.929574 
0.000000 0.490013 1.010902 0.844844 
0.000000 0.490013 1.062012 1.008146 
0.000000 0.490013 0.945540 1.247241 
0.000000 0.490013 1.447071 1.045483 
0.000000 0.490013 1.110816 1.038549 
0.000000 0.490013 0.986599 1.184907 
0.000000 0.490013 0.992246 0.696900 
0.000000 0.494888 1.352779 0.760084 
0.000000 0.494888 1.080230 0.917782 
0.000000 0.494888 1.049811 1.054749 
0.000000 0.494888 0.881574 1.084178 
0.000000 0.494888 0.797129 1.044451 
0.000000 0.494888 1.023412 1.065078 
0.000000 0.494888 1.051739 0.622172 
0.000000 0.494888 1.176372 0.749842 
0.000000 0.494888 1.072972 1.022095 
0.000000 0.494888 0.900317 1.258767 
0.000000 0.499710 1.111284 1.065618 
0.000000 0.499710 0.982535 1.057125 
0.000000 0.499710 0.870146 0.939293 
0.000000 0.499710 1.012022 0.501226 
0.000000 0.499710 0.850573 0.867528 
0.000000 0.499710 0.858123 1.031414 
0.000000 0.499710 1.132647 0.884556 
0.000000 0.499710 1.241254 1.152574 
0.000000 0.499710 1.239865 0.649557 
0.000000 0.499710 1.171979 0.959808 
0.000000 0.504570 1.134191 1.004306 
0.000000 0.504570 1.093311 1.195500 
0.000000 0.504570 0.997657 1.373217 
0.000000 0.504570 0.675057 0.898208 
0.000000 0.504570 1.095429 0.999244 
0.000000 0.504570 1.168990 0.804895 
0.000000 0.504570 0.927699 0.880892 
0.000000 0.504570 1.144596 1.145486 
0.000000 0.504570 1.073839 0.818231 
0.000000 0.504570 1.418966 1.263588 
0.000000 0.005051 1.209822 0.941373 
0.000000 0.005051 1.130459 0.861029 
0.000000 0.005051 1.036478 0.947640 
0.000000 0.005051 1.205992 1.118701 
0.000000 0.005051 1.204996 0.826428 
0.000000 0.005051 0.648247 0.978312 
0.000000 0.005051 1.015930 0.879964 
0.000000 0.005051 1.160343 0.938654 
0.000000 0.005051 1.138054 0.873627 
0.000000 0.005051 0.904881 0.770488 
0.000000 0.010582 0.681175 1.111580 
0.000000 0.010582 1.246374 0.662598 
0.000000 0.010582 0.996552 1.024652 
0.000000 0.010582 1.257537 1.005896 
0.000000 0.010582 1.498459 0.564019 
0.000000 0.010582 0.713737 1.269171 
0.000000 0.010582 0.927459 1.102417 
0.000000 0.010582 0.923186 1.163339 
0.000000 0.010582 1.091048 1.022903 
0.000000 0.010582 1.074216 0.817203 
0.000000 0.015907 1.197363 1.152449 
0.000000 0.015907 1.474011 0.424462 
0.000000 0.015907 1.102903 0.945394 
0.000000 0.015907 0.901944 0.969426 
0.000000 0.015907 1.224434 1.020712 
0.000000 0.015907 1.024729 1.173250 
0.000000 0.015907 1.126805 0.947299 
0.000000 0.015907 0.546668 1.153650 
0.000000 0.015907 0.974513 0.805183 
0.000000 0.015907 1.037547 0.842381 
0.000000 0.021080 0.919076 1.273412 
0.000000 0.021080 0.997926 0.981960 
0.000000 0.021080 0.877831 0.803471 
0.000000 0.021080 1.011354 1.273755 
0.000000 0.021080 1.114623 1.178019 
0.000000 0.021080 1.130071 0.641383 
0.000000 0.021080 0.674679 1.313916 
0.000000 0.021080 1.061967 0.905630 
0.000000 0.021080 1.151227 0.819584 
0.000000 0.021080 0.508964 0.331515 
0.000000 0.026230 1.167719 1.130987 
0.000000 0.026230 0.664200 0.926993 
0.000000 0.026230 1.091679 1.181645 
0.000000 0.026230 0.677524 1.083614 
0.000000 0.026230 1.265402 1.005706 
0.000000 0.026230 0.682572 0.740754 
0.000000 0.026230 1.225299 1.053362 
0.000000 0.026230 0.944629 0.924300 
0.000000 0.026230 1.113494 1.082511 
0.000000 0.026230 1.131524 1.270044 
0.000000 0.031456 0.869711 0.801854 
0.000000 0.031456 1.118816 1.167856 
0.000000 0.031456 1.168852 1.127890 
0.000000 0.031456 1.190503 0.869670 
0.000000 0.031456 1.040497 0.981968 
0.000000 0.031456 0.570181 0.722318 
0.000000 0.031456 0.744660 0.883440 
0.000000 0.031456 1.202373 0.885799 
0.000000 0.031456 1.240432 0.696736 
0.000000 0.031456 1.041492 1.018370 
0.000000 0.036591 0.908389 1.278249 
0.000000 0.036591 1.236653 0.780779 
0.000000 0.036591 1.095368 1.268867 
0.000000 0.036591 1.342585 0.879388 
0.000000 0.036591 0.646737 0.819608 
0.000000 0.036591 1.062656 0.967893 
0.000000 0.036591 0.964524 1.226729 
0.000000 0.036591 1.124610 1.298091 
0.000000 0.036591 0.935224 0.892398 
0.000000 0.036591 0.789275 0.916973 
0.000000 0.041512 0.906545 1.149628 
0.000000 0.041512 0.800079 0.990067 
0.000000 0.041512 0.879048 0.855276 
0.000000 0.041512 1.072841 1.393080 
0.000000 0.041512 1.152022 1.129668 
0.000000 0.041512 1.323287 1.043315 
0.000000 0.041512 1.100886 0.982155 
0.000000 0.041512 0.995372 0.801294 
0.000000 0.041512 1.213467 1.018851 
0.000000 0.041512 1.128451 1.061784 
0.000000 0.051239 1.256075 0.961198 
0.000000 0.051239 0.731280 1.197556 
0.000000 0.051239 0.878843 1.108765 
0.000000 0.051239 0.938030 0.928259 
0.000000 0.051239 1.339763 1.256548 
0.000000 0.051239 1.046022 1.055389 
0.000000 0.051239 1.289047 0.956480 
0.000000 0.051239 0.890238 1.058200 
0.000000 0.051239 1.022627 0.909852 
0.000000 0.051239 0.777544 0.838650 
0.000000 0.056458 1.341867 0.891827 
0.000000 0.056458 0.962446 0.923326 
0.000000 0.056458 1.044750 0.864461 
0.000000 0.056458 1.063555 1.104001 
0.000000 0.056458 1.078586 0.828121 
0.000000 0.056458 0.940686 0.789799 
0.000000 0.056458 1.099771 0.977639 
0.000000 0.056458 1.016054 0.801031 
0.000000 0.056458 0.962721 1.091296 
0.000000 0.056458 1.053750 0.947395 
0.000000 0.061874 0.832654 0.914954 
0.000000 0.061874 0.822062 0.922008 
0.000000 0.061874 1.115365 1.340220 
0.000000 0.061874 0.939276 1.137273 
0.000000 0.061874 1.308320 1.456483 
0.000000 0.061874 0.926829 1.243103 
0.000000 0.061874 0.994793 1.205182 
0.000000 0.061874 0.795607 1.018914 
0.000000 0.061874 1.245445 1.123611 
0.000000 0.061874 1.337469 1.169330 
0.000000 0.066948 1.200809 1.011533 
0.000000 0.066948 1.371102 0.748884 
0.000000 0.066948 0.669791 1.174231 
0.000000 0.066948 0.933462 0.921950 
0.000000 0.066948 0.893539 1.323891 
0.000000 0.066948 1.001270 1.087438 
0.000000 0.066948 1.054706 1.143362 
0.000000 0.066948 1.368409 1.336497 
0.000000 0.066948 1.000541 0.984352 
0.000000 0.066948 1.080665 1.133439 
0.000000 0.073746 0.644422 0.957455 
0.000000 0.073746 1.419430 0.899653 
0.000000 0.073746 1.145815 0.802459 
0.000000 0.073746 1.544616 1.072582 
0.000000 0.073746 0.928057 1.335663 
0.000000 0.073746 0.907610 0.864350 
0.000000 0.073746 1.070079 1.155730 
0.000000 0.073746 1.069425 1.242124 
0.000000 0.073746 1.121545 1.023118 
0.000000 0.073746 1.344324 1.081233 
0.000000 0.084290 1.131614 0.985110 
0.000000 0.084290 0.561030 1.090828 
0.000000 0.084290 0.876266 1.204743 
0.000000 0.084290 0.967070 0.999331 
0.000000 0.084290 1.301424 0.963920 
0.000000 0.084290 1.040129 1.143440 
0.000000 0.084290 0.878420 1.362941 
0.000000 0.084290 0.857323 1.213979 
0.000000 0.084290 0.732446 1.075722 
0.000000 0.084290 0.967435 1.036807 
0.000000 0.092216 0.784975 1.408031 
0.000000 0.092216 1.405334 1.171609 
0.000000 0.092216 0.959562 1.008728 
0.000000 0.092216 0.865957 1.185157 
0.000000 0.092216 1.108967 0.821677 
0.000000 0.092216 1.258511 0.650354 
0.000000 0.092216 0.500059 0.979276 
0.000000 0.092216 1.483897 1.093614 
0.000000 0.092216 0.850583 1.012286 
0.000000 0.092216 1.160476 0.833275 
0.000000 0.098129 0.774099 0.985792 
0.000000 0.098129 1.424328 0.831593 
0.000000 0.098129 0.838316 0.873156 
0.000000 0.098129 0.761243 1.120055 
0.000000 0.098129 1.361047 0.820605 
0.000000 0.098129 1.238276 0.870308 
0.000000 0.098129 0.912065 1.249431 
0.000000 0.098129 0.853423 1.068678 
0.000000 0.098129 0.775216 0.895299 
0.000000 0.098129 1.032459 0.945622 
0.000000 0.117104 0.927042 1.045728 
0.000000 0.117104 1.065125 1.210664 
0.000000 0.117104 1.401379 0.809775 
0.000000 0.117104 1.003880 0.926059 
0.000000 0.117104 1.258126 1.126059 
0.000000 0.117104 1.290993 0.964475 
0.000000 0.117104 0.946519 1.215305 
0.000000 0.117104 1.138367 1.206601 
0.000000 0.117104 1.213831 0.919988 
0.000000 0.117104 0.897119 1.034445 
0.000000 0.136887 0.842518 0.856466 
0.000000 0.136887 0.865396 1.086147 
0.000000 0.136887 0.967834 0.747394 
0.000000 0.136887 1.131675 1.245777 
0.000000 0.136887 1.305314 1.411197 
0.000000 0.136887 1.113934 1.598957 
0.000000 0.136887 1.212003 1.274400 
0.000000 0.136887 0.956070 0.903582 
0.000000 0.136887 1.024556 1.386380 
0.000000 0.136887 0.902422 1.168995 
0.000000 0.145859 1.227505 0.843759 
0.000000 0.145859 0.918763 1.211343 
0.000000 0.145859 0.850109 0.799231 
0.000000 0.145859 0.846170 1.011473 
0.000000 0.145859 0.990598 0.979710 
0.000000 0.145859 1.036970 0.805976 
0.000000 0.145859 0.800255 0.983517 
0.000000 0.145859 1.011232 1.274534 
0.000000 0.145859 1.133615 1.124720 
0.000000 0.145859 0.834986 0.985614 
0.000000 0.151085 0.952512 1.126194 
0.000000 0.151085 0.843127 1.386902 
0.000000 0.151085 0.925694 1.036003 
0.000000 0.151085 1.025588 0.784734 
0.000000 0.151085 0.748091 1.054419 
0.000000 0.151085 1.017989 1.182682 
0.000000 0.151085 0.819978 0.955411 
0.000000 0.151085 1.483918 1.305070 
0.000000 0.151085 0.944016 0.850343 
0.000000 0.151085 1.040898 1.196109 
0.000000 0.157585 0.890633 0.807291 
0.000000 0.157585 0.918353 1.052451 
0.000000 0.157585 0.886777 0.950781 
0.000000 0.157585 1.040725 1.109789 
0.000000 0.157585 1.070927 0.641077 
0.000000 0.157585 1.060077 1.132650 
0.000000 0.157585 0.812299 0.866340 
0.000000 0.157585 1.417810 1.143366 
0.000000 0.157585 0.982864 0.689474 
0.000000 0.157585 1.156133 1.090259 
0.000000 0.163475 1.168978 1.171439 
0.000000 0.163475 1.126946 1.200636 
0.000000 0.163475 0.982104 0.475730 
0.000000 0.163475 0.999926 1.220077 
0.000000 0.163475 0.654466 1.086571 
0.000000 0.163475 0.921440 0.737517 
0.000000 0.163475 0.966116 0.999369 
0.000000 0.163475 1.014369 0.837732 
0.000000 0.163475 1.279232 0.799077 
0.000000 0.163475 0.964151 1.111915 
0.000000 0.169167 1.272748 1.200266 
0.000000 0.169167 1.011147 0.784123 
0.000000 0.169167 1.021186 1.200137 
0.000000 0.169167 1.271182 0.803798 
0.000000 0.169167 1.144380 0.772704 
0.000000 0.169167 0.888318 0.825585 
0.000000 0.169167 1.192748 0.902958 
0.000000 0.169167 1.361053 1.157835 
0.000000 0.169167 1.105696 0.998215 
0.000000 0.169167 1.152593 1.154652 
0.000000 0.174850 0.986410 0.783307 
0.000000 0.174850 0.967691 0.899522 
0.000000 0.174850 1.252566 0.899754 
0.000000 0.174850 0.990223 1.282573 
0.000000 0.174850 0.610588 0.877962 
0.000000 0.174850 0.728253 0.925274 
0.000000 0.174850 1.078216 1.171738 
0.000000 0.174850 0.960743 0.878480 
0.000000 0.174850 1.320881 1.035503 
0.000000 0.174850 1.228242 0.841273 
0.000000 0.181168 0.877034 1.175891 
0.000000 0.181168 1.011079 1.255470 
0.000000 0.181168 1.042510 0.950572 
0.000000 0.181168 0.998939 1.269159 
0.000000 0.181168 1.019799 1.065586 
0.000000 0.181168 0.878571 1.129690 
0.000000 0.181168 1.140500 1.040872 
0.000000 0.181168 1.139812 1.190476 
0.000000 0.181168 1.169322 1.323579 
0.000000 0.181168 1.023946 0.795669 
0.000000 0.186745 0.968906 0.881932 
0.000000 0.186745 0.775424 1.066119 
0.000000 0.186745 1.073494 1.192238 
0.000000 0.186745 1.166971 1.177386 
0.000000 0.186745 1.280212 1.284339 
0.000000 0.186745 0.894379 1.101578 
0.000000 0.186745 1.335913 0.758734 
0.000000 0.186745 1.051794 1.046094 
0.000000 0.186745 0.810246 0.930255 
0.000000 0.186745 1.194426 1.223438 
0.000000 0.191780 1.060703 0.952921 
0.000000 0.191780 0.814627 0.987487 
0.000000 0.191780 0.986869 1.042975 
0.000000 0.191780 0.955231 0.949935 
0.000000 0.191780 0.925766 0.896212 
0.000000 0.191780 0.999274 1.023491 
0.000000 0.191780 1.195333 0.842950 
0.000000 0.191780 1.069888 0.969044 
0.000000 0.191780 1.040455 1.132569 
0.000000 0.191780 1.089999 0.873907 
0.000000 0.198502 1.153119 1.366662 
0.000000 0.198502 0.957955 0.772463 
0.000000 0.198502 1.208689 1.159807 
0.000000 0.198502 0.785852 1.103653 
0.000000 0.198502 0.818611 1.003224 
0.000000 0.198502 1.006457 0.956570 
0.000000 0.198502 0.832448 1.053121 
0.000000 0.198502 0.939537 0.756861 
0.000000 0.198502 0.881786 1.112559 
0.000000 0.198502 0.551319 0.928454 
0.000000 0.203537 0.836114 1.176935 
0.000000 0.203537 1.027624 1.190366 
0.000000 0.203537 1.503446 0.832973 
0.000000 0.203537 1.027540 0.856856 
0.000000 0.203537 1.136770 1.034103 
0.000000 0.203537 1.107089 1.282905 
0.000000 0.203537 0.956259 1.050299 
0.000000 0.203537 0.925088 0.953726 
0.000000 0.203537 1.196095 1.041160 
0.000000 0.203537 0.928140 1.211513 
0.000000 0.209587 0.890548 0.486287 
0.000000 0.209587 1.023960 0.883998 
0.000000 0.209587 1.097338 1.228933 
0.000000 0.209587 0.747557 1.022108 
0.000000 0.209587 0.892218 0.880116 
0.000000 0.209587 0.881833 1.069108 
0.000000 0.209587 1.247030 1.026538 
0.000000 0.209587 0.885614 0.706999 
0.000000 0.209587 1.035485 0.775487 
0.000000 0.209587 0.911118 0.999172 
0.000000 0.223068 1.231342 0.530283 
0.000000 0.223068 1.263886 1.032880 
0.000000 0.223068 1.395583 0.741291 
0.000000 0.223068 0.914113 0.813578 
0.000000 0.223068 0.846966 0.800791 
0.000000 0.223068 0.838292 1.103695 
0.000000 0.223068 1.058426 0.959197 
0.000000 0.223068 0.870520 0.642136 
0.000000 0.223068 0.784381 0.870998 
0.000000 0.223068 0.726207 1.021839 
0.000000 0.229599 0.722597 1.014481 
0.000000 0.229599 1.225073 1.224540 
0.000000 0.229599 0.948071 0.994618 
0.000000 0.229599 0.948149 1.184042 
0.000000 0.229599 1.164552 0.934828 
0.000000 0.229599 1.056140 1.072748 
0.000000 0.229599 1.295131 1.279256 
0.000000 0.229599 0.796299 0.966090 
0.000000 0.229599 1.097679 1.011538 
0.000000 0.229599 0.965591 0.865685 
0.000000 0.234665 1.208978 1.035292 
0.000000 0.234665 0.649065 0.929267 
0.000000 0.234665 1.215003 0.919803 
0.000000 0.234665 0.736930 0.956572 
0.000000 0.234665 1.358303 0.910518 
0.000000 0.234665 0.819892 1.281826 
0.000000 0.234665 0.974792 0.839261 
0.000000 0.234665 0.975423 1.375785 
0.000000 0.234665 1.445190 1.102961 
0.000000 0.234665 0.918474 0.775578 
0.000000 0.240784 1.027834 1.024962 
0.000000 0.240784 0.879561 0.853219 
0.000000 0.240784 1.415195 0.685168 
0.000000 0.240784 0.879494 1.216826 
0.000000 0.240784 1.108822 0.901021 
0.000000 0.240784 0.907249 0.909879 
0.000000 0.240784 0.967782 0.791995 
0.000000 0.240784 1.116180 1.193614 
0.000000 0.240784 0.888881 0.754233 
0.000000 0.240784 1.012356 1.259738 
0.000000 0.246063 1.116523 1.011338 
0.000000 0.246063 1.304605 0.878294 
0.000000 0.246063 0.909905 0.794404 
0.000000 0.246063 1.003075 0.724664 
0.000000 0.246063 1.122004 0.881608 
0.000000 0.246063 0.772139 0.804053 
0.000000 0.246063 0.884441 1.004495 
0.000000 0.246063 0.959067 1.040690 
0.000000 0.246063 1.506546 1.201634 
0.000000 0.246063 1.110860 1.057169 
0.000000 0.251465 1.012057 1.133727 
0.000000 0.251465 0.667030 1.176630 
0.000000 0.251465 0.970286 1.041211 
0.000000 0.251465 1.056427 1.277011 
0.000000 0.251465 1.036224 0.741152 
0.000000 0.251465 0.757073 1.050450 
0.000000 0.251465 0.937216 1.100330 
0.000000 0.251465 0.877011 1.044255 
0.000000 0.251465 1.026340 0.994742 
0.000000 0.251465 0.988552 0.955515 
0.000000 0.256660 1.059182 0.979093 
0.000000 0.256660 0.994887 0.744146 
0.000000 0.256660 1.057408 1.103391 
0.000000 0.256660 0.776013 0.911011 
0.000000 0.256660 0.962748 0.944815 
0.000000 0.256660 0.674564 0.924248 
0.000000 0.256660 0.716336 1.292443 
0.000000 0.256660 0.921853 0.879589 
0.000000 0.256660 1.124413 0.835230 
0.000000 0.256660 1.289953 1.569725 
0.000000 0.267921 1.219677 0.945935 
0.000000 0.267921 1.178259 1.015007 
0.000000 0.267921 0.886871 1.288460 
0.000000 0.267921 0.758633 0.960155 
0.000000 0.267921 0.815461 1.036282 
0.000000 0.267921 0.744691 1.336463 
0.000000 0.267921 1.131519 0.975951 
0.000000 0.267921 0.833290 1.107114 
0.000000 0.267921 1.284972 0.928743 
0.000000 0.267921 1.068169 0.894241 
0.000000 0.278114 0.970617 0.874129 
0.000000 0.278114 0.997440 1.299583 
0.000000 0.278114 1.067240 0.525864 
0.000000 0.278114 1.176212 1.182564 
0.000000 0.278114 1.263738 0.724579 
0.000000 0.278114 0.867458 0.915824 
0.000000 0.278114 1.154675 0.947515 
0.000000 0.278114 1.273033 1.081758 
0.000000 0.278114 0.881032 1.244435 
0.000000 0.278114 0.991350 0.823307 
0.000000 0.283409 0.731481 1.106025 
0.000000 0.283409 0.606896 0.929115 
0.000000 0.283409 0.650767 0.734800 
0.000000 0.283409 0.969137 0.831562 
0.000000 0.283409 1.203716 1.185558 
0.000000 0.283409 0.972784 1.027172 
0.000000 0.283409 0.955743 0.747883 
0.000000 0.283409 1.353667 1.250518 
0.000000 0.283409 1.140915 0.947695 
0.000000 0.283409 0.885425 1.014135 
0.000000 0.289429 1.313603 1.439485 
0.000000 0.289429 0.920660 0.973051 
0.000000 0.289429 1.111516 0.844982 
0.000000 0.289429 0.770206 0.683705 
0.000000 0.289429 1.141469 0.930809 
0.000000 0.289429 1.010341 1.190717 
0.000000 0.289429 0.947051 0.841634 
0.000000 0.289429 0.929132 0.984065 
0.000000 0.289429 0.886241 1.103438 
0.000000 0.289429 1.047379 1.018163 
0.000000 0.294617 1.391047 0.802929 
0.000000 0.294617 1.280496 1.083887 
0.000000 0.294617 1.120442 0.948906 
0.000000 0.294617 0.800746 0.958856 
0.000000 0.294617 1.236671 1.139434 
0.000000 0.294617 0.952002 0.997522 
0.000000 0.294617 0.928189 1.100967 
0.000000 0.294617 1.256027 1.072934 
0.000000 0.294617 1.086204 1.004313 
0.000000 0.294617 1.086895 0.622190 
0.000000 0.300873 0.796414 1.023243 
0.000000 0.300873 0.804740 1.195626 
0.000000 0.300873 1.055883 0.695983 
0.000000 0.300873 0.671435 1.160739 
0.000000 0.300873 0.967179 1.183422 
0.000000 0.300873 1.112442 1.062658 
0.000000 0.300873 1.059657 0.824471 
0.000000 0.300873 1.035778 1.146563 
0.000000 0.300873 1.096734 0.822259 
0.000000 0.300873 0.617294 0.978286 
0.000000 0.306793 1.104101 1.115899 
0.000000 0.306793 1.193552 0.836628 
0.000000 0.306793 0.865652 1.058079 
0.000000 0.306793 1.013065 0.812220 
0.000000 0.306793 0.734561 1.310686 
0.000000 0.306793 1.219826 0.789425 
0.000000 0.306793 1.101472 1.037991 
0.000000 0.306793 0.780873 0.867193 
0.000000 0.306793 1.006118 1.161897 
0.000000 0.306793 0.873119 1.004734 
0.000000 0.311821 0.986085 1.040430 
0.000000 0.311821 0.703790 0.895995 
0.000000 0.311821 0.979451 1.024984 
0.000000 0.311821 1.000997 0.784667 
0.000000 0.311821 1.124653 1.207511 
0.000000 0.311821 1.024445 0.833861 
0.000000 0.311821 0.991499 1.094532 
0.000000 0.311821 1.181313 0.817305 
0.000000 0.311821 1.067451 0.656364 
0.000000 0.311821 0.796422 0.993784 
0.000000 0.322861 1.034257 1.024562 
0.000000 0.322861 0.944935 0.614942 
0.000000 0.322861 1.002166 0.976225 
0.000000 0.322861 1.322849 1.129922 
0.000000 0.322861 0.884305 1.131856 
0.000000 0.322861 1.209842 1.135388 
0.000000 0.322861 1.059172 1.193455 
0.000000 0.322861 0.941270 1.040833 
0.000000 0.322861 0.897770 1.285215 
0.000000 0.322861 0.915448 1.206629 
0.000000 0.327866 0.976394 0.997165 
0.000000 0.327866 0.978824 0.781598 
0.000000 0.327866 0.630134 1.323751 
0.000000 0.327866 1.143690 0.743816 
0.000000 0.327866 0.897805 0.686282 
0.000000 0.327866 0.917325 0.963372 
0.000000 0.327866 1.197612 1.078800 
0.000000 0.327866 0.821883 1.072733 
0.000000 0.327866 1.194722 0.725818 
0.000000 0.327866 1.223545 0.904379 
0.000000 0.337746 1.036329 0.891759 
0.000000 0.337746 1.205812 1.461272 
0.000000 0.337746 1.113911 0.996281 
0.000000 0.337746 1.044424 1.341806 
0.000000 0.337746 0.770038 0.862965 
0.000000 0.337746 1.123652 1.031661 
0.000000 0.337746 0.737579 0.821647 
0.000000 0.337746 1.261535 0.911097 
0.000000 0.337746 0.997618 1.232100 
0.000000 0.337746 1.141262 0.907339 
0.000000 0.343002 1.089076 1.087865 
0.000000 0.343002 1.094974 0.725679 
0.000000 0.343002 1.051878 0.890206 
0.000000 0.343002 1.176393 1.124757 
0.000000 0.343002 1.058336 1.258809 
0.000000 0.343002 1.079932 1.006243 
0.000000 0.343002 0.975681 0.913502 
0.000000 0.343002 1.044102 0.965903 
0.000000 0.343002 0.754693 0.770965 
0.000000 0.343002 1.195114 0.933190 
0.000000 0.348213 0.763741 0.866081 
0.000000 0.348213 1.091739 0.817073 
0.000000 0.348213 1.099110 1.399160 
0.000000 0.348213 1.166955 0.968716 
0.000000 0.348213 0.833171 0.987466 
0.000000 0.348213 1.075602 1.176570 
0.000000 0.348213 0.883279 0.927714 
0.000000 0.348213 1.183788 1.009598 
0.000000 0.348213 1.145492 0.918562 
0.000000 0.348213 1.195963 0.818089 
0.000000 0.354424 0.763759 0.935310 
0.000000 0.354424 0.725710 0.817157 
0.000000 0.354424 1.297832 1.091238 
0.000000 0.354424 0.909425 0.910843 
0.000000 0.354424 0.829557 1.276162 
0.000000 0.354424 0.834581 0.977156 
0.000000 0.354424 1.105908 1.415186 
0.000000 0.354424 1.467068 0.830161 
0.000000 0.354424 0.809757 1.164803 
0.000000 0.354424 1.166341 1.088798 
0.000000 0.359444 1.155131 1.029743 
0.000000 0.359444 1.346988 1.089612 
0.000000 0.359444 0.837482 1.147602 
0.000000 0.359444 0.888993 1.322922 
0.000000 0.359444 0.860874 1.020249 
0.000000 0.359444 0.975228 1.193596 
0.000000 0.359444 0.945706 1.105375 
0.000000 0.359444 0.675744 1.049431 
0.000000 0.359444 0.758929 0.889325 
0.000000 0.359444 1.162917 1.029639 
0.000000 0.364708 1.321424 1.047235 
0.000000 0.364708 1.074002 0.862157 
0.000000 0.364708 1.240276 0.893018 
0.000000 0.364708 0.818438 0.977060 
0.000000 0.364708 1.089888 0.823314 
0.000000 0.364708 0.871866 0.941981 
0.000000 0.364708 1.304252 1.052889 
0.000000 0.364708 0.856270 1.075902 
0.000000 0.364708 1.196134 1.056882 
0.000000 0.364708 1.268517 1.211342 
0.000000 0.369675 1.176732 0.851307 
0.000000 0.369675 0.994023 0.921450 
0.000000 0.369675 1.045396 1.103695 
0.000000 0.369675 0.846874 0.988060 
0.000000 0.369675 0.470361 0.816467 
0.000000 0.369675 1.085708 1.040746 
0.000000 0.369675 1.061479 0.797899 
0.000000 0.369675 0.828829 1.043410 
0.000000 0.369675 1.091863 1.024858 
0.000000 0.369675 1.057264 0.819999 
0.000000 0.374596 1.158801 1.166732 
0.000000 0.374596 1.112811 1.202108 
0.000000 0.374596 0.788397 1.212788 
0.000000 0.374596 0.985613 0.788499 
0.000000 0.374596 1.042539 0.816529 
0.000000 0.374596 1.048257 0.878655 
0.000000 0.374596 0.805116 1.031034 
0.000000 0.374596 1.456808 1.277697 
0.000000 0.374596 0.925114 1.094135 
0.000000 0.374596 0.818122 1.112335 
0.000000 0.379753 0.774119 0.897619 
0.000000 0.379753 1.085904 0.946235 
0.000000 0.379753 0.860660 1.529250 
0.000000 0.379753 0.953916 1.183057 
0.000000 0.379753 1.131882 0.915238 
0.000000 0.379753 1.120294 1.052440 
0.000000 0.379753 1.048058 0.994067 
0.000000 0.379753 1.092397 0.750527 
0.000000 0.379753 0.825182 1.015295 
0.000000 0.379753 1.185335 0.771799 
0.000000 0.384659 1.087996 1.038102 
0.000000 0.384659 1.033577 1.029376 
0.000000 0.384659 1.009309 1.091643 
0.000000 0.384659 0.777862 0.828005 
0.000000 0.384659 1.111740 0.913618 
0.000000 0.384659 1.047069 1.031400 
0.000000 0.384659 0.893168 1.214794 
0.000000 0.384659 1.204689 0.755728 
0.000000 0.384659 1.088355 0.634107 
0.000000 0.384659 1.236010 0.657749 
0.000000 0.389992 1.117911 0.990194 
0.000000 0.389992 0.924321 1.150581 
0.000000 0.389992 1.211126 0.609969 
0.000000 0.389992 0.810285 0.848071 
0.000000 0.389992 0.870617 1.048923 
0.000000 0.389992 1.036813 1.189505 
0.000000 0.389992 0.928695 0.955393 
0.000000 0.389992 1.050454 0.961434 
0.000000 0.389992 0.983602 0.814306 
0.000000 0.389992 0.785702 1.078402 
0.000000 0.395050 1.173336 0.750077 
0.000000 0.395050 1.112074 0.999161 
0.000000 0.395050 0.694059 0.969242 
0.000000 0.395050 0.986899 0.847781 
0.000000 0.395050 1.130675 0.908834 
0.000000 0.395050 1.455899 0.946886 
0.000000 0.395050 0.935736 0.942004 
0.000000 0.395050 1.204577 0.379345 
0.000000 0.395050 0.962849 1.420723 
0.000000 0.395050 0.934756 1.098347 
0.000000 0.400536 1.018456 0.924021 
0.000000 0.400536 0.987338 0.842257 
0.000000 0.400536 0.856978 1.429383 
0.000000 0.400536 0.943224 0.888999 
0.000000 0.400536 1.073806 0.784610 
0.000000 0.400536 0.947500 0.850135 
0.000000 0.400536 0.944935 1.007887 
0.000000 0.400536 0.992702 1.139400 
0.000000 0.400536 0.814891 1.072594 
0.000000 0.400536 0.880722 0.748188 
0.000000 0.405525 1.087569 1.003321 
0.000000 0.405525 1.273474 1.309433 
0.000000 0.405525 1.261525 1.048150 
0.000000 0.405525 1.133166 1.012142 
0.000000 0.405525 1.000008 1.233506 
0.000000 0.405525 0.747433 0.887102 
0.000000 0.405525 0.817458 0.982092 
0.000000 0.405525 1.251267 0.914382 
0.000000 0.405525 0.695009 1.042825 
0.000000 0.405525 1.080807 0.892849 
0.000000 0.410599 0.689258 0.557277 
0.000000 0.410599 1.090648 0.756465 
0.000000 0.410599 1.204218 1.140298 
0.000000 0.410599 0.673319 0.960100 
0.000000 0.410599 1.042028 1.275767 
0.000000 0.410599 1.221400 0.675530 
0.000000 0.410599 0.795652 0.948210 
0.000000 0.410599 1.108593 1.106287 
0.000000 0.410599 0.971383 0.959245 
0.000000 0.410599 1.302034 0.687660 
0.000000 0.415955 1.254458 1.198449 
0.000000 0.415955 1.206559 1.083776 
0.000000 0.415955 1.000111 0.857814 
0.000000 0.415955 1.064119 1.370944 
0.000000 0.415955 0.965355 0.782469 
0.000000 0.415955 1.020759 1.165209 
0.000000 0.415955 1.255202 0.925000 
0.000000 0.415955 0.959244 0.596426 
0.000000 0.415955 1.154721 0.848488 
0.000000 0.415955 0.937125 1.023798 
0.000000 0.420876 1.421626 0.781357 
0.000000 0.420876 0.979532 1.251751 
0.000000 0.420876 1.432653 0.763214 
0.000000 0.420876 0.807918 0.681854 
0.000000 0.420876 1.064862 0.847605 
0.000000 0.420876 1.168208 1.104272 
0.000000 0.420876 1.478558 0.927554 
0.000000 0.420876 0.952538 1.282046 
0.000000 0.420876 1.234410 1.036618 
0.000000 0.420876 1.012633 1.084178 
0.000000 0.425850 1.332063 0.857287 
0.000000 0.425850 1.119592 1.031904 
0.000000 0.425850 0.766088 0.906457 
0.000000 0.425850 0.627030 0.629340 
0.000000 0.425850 1.339900 0.957227 
0.000000 0.425850 0.751671 1.045453 
0.000000 0.425850 1.197101 0.907285 
0.000000 0.425850 1.239219 0.972213 
0.000000 0.425850 1.306150 1.249393 
0.000000 0.425850 0.802830 1.112356 
0.000000 0.430984 1.009382 1.214411 
0.000000 0.430984 0.588133 1.054927 
0.000000 0.430984 0.931131 1.010982 
0.000000 0.430984 0.895518 0.715950 
0.000000 0.430984 1.235710 1.010607 
0.000000 0.430984 1.422728 0.549116 
0.000000 0.430984 0.946660 1.118193 
0.000000 0.430984 1.214292 1.124584 
0.000000 0.430984 1.086489 0.610851 
0.000000 0.430984 1.029727 1.356406 
0.000000 0.436089 0.956281 1.001048 
0.000000 0.436089 1.118203 1.223021 
0.000000 0.436089 1.170138 1.090535 
0.000000 0.436089 0.856464 0.666582 
0.000000 0.436089 1.152584 0.909839 
0.000000 0.436089 0.738817 0.829651 
0.000000 0.436089 0.982591 0.950155 
0.000000 0.436089 0.944600 0.918227 
0.000000 0.436089 1.059165 0.852882 
0.000000 0.436089 1.045435 0.786201 
0.000000 0.441078 1.086190 1.069022 
0.000000 0.441078 0.877146 1.098669 
0.000000 0.441078 1.238443 1.038172 
0.000000 0.441078 1.087558 0.986456 
0.000000 0.441078 0.550318 0.788372 
0.000000 0.441078 0.968376 0.992905 
0.000000 0.441078 1.018057 0.930345 
0.000000 0.441078 0.674679 0.941790 
0.000000 0.441078 0.634489 0.942268 
0.000000 0.441078 0.922742 1.385336 
0.000000 0.446465 0.754502 0.964724 
0.000000 0.446465 0.539879 0.726933 
0.000000 0.446465 0.651685 1.234807 
0.000000 0.446465 1.235969 0.821365 
0.000000 0.446465 0.735617 1.029322 
0.000000 0.446465 1.174335 1.073618 
0.000000 0.446465 0.891223 0.649944 
0.000000 0.446465 1.284319 0.838960 
0.000000 0.446465 1.166547 1.155945 
0.000000 0.446465 1.180061 0.961947 
0.000000 0.451447 1.028657 1.161872 
0.000000 0.451447 1.053528 0.902230 
0.000000 0.451447 0.771550 0.966424 
0.000000 0.451447 1.125204 1.067465 
0.000000 0.451447 0.920392 0.499715 
0.000000 0.451447 1.043140 0.786914 
0.000000 0.451447 0.886528 1.301113 
0.000000 0.451447 1.275683 1.400274 
0.000000 0.451447 1.018576 1.185309 
0.000000 0.451447 1.324384 1.299292 
0.000000 0.456558 0.870314 0.647662 
0.000000 0.456558 0.823408 1.132776 
0.000000 0.456558 1.174232 0.912308 
0.000000 0.456558 0.986494 0.830965 
0.000000 0.456558 0.901068 1.170657 
0.000000 0.456558 1.132707 0.935931 
0.000000 0.456558 1.123775 0.656913 
0.000000 0.456558 1.065747 0.977070 
0.000000 0.456558 0.921466 0.819108 
0.000000 0.456558 0.789489 1.294784 
0.000000 0.461578 0.970809 0.796277 
0.000000 0.461578 1.193343 0.964891 
0.000000 0.461578 1.042915 1.276509 
0.000000 0.461578 1.102067 1.249293 
0.000000 0.461578 0.922882 0.955691 
0.000000 0.461578 1.113695 1.465257 
0.000000 0.461578 1.011294 0.983041 
0.000000 0.461578 1.190009 1.102643 
0.000000 0.461578 1.004067 1.155138 
0.000000 0.461578 0.741135 1.064605 
0.000000 0.466789 1.271569 0.830660 
0.000000 0.466789 1.200367 0.568194 
0.000000 0.466789 0.968929 0.903210 
0.000000 0.466789 0.982401 1.126500 
0.000000 0.466789 1.145831 0.928785 
0.000000 0.466789 0.991772 1.283509 
0.000000 0.466789 1.131744 1.099936 
0.000000 0.466789 0.904001 0.620331 
0.000000 0.466789 0.980651 0.923152 
0.000000 0.466789 1.252042 0.828111 
0.000000 0.471756 1.237481 1.138709 
0.000000 0.471756 0.869433 1.318446 
0.000000 0.471756 1.095557 1.357897 
0.000000 0.471756 0.942861 0.843350 
0.000000 0.471756 0.874785 0.756476 
0.000000 0.471756 0.886972 0.965159 
0.000000 0.471756 0.971266 0.994876 
0.000000 0.471756 0.925341 0.907853 
0.000000 0.471756 1.377081 0.620790 
0.000000 0.471756 0.987769 0.954522 
0.000000 0.476753 0.952707 0.897592 
0.000000 0.476753 1.167947 0.811267 
0.000000 0.476753 0.799045 1.074574 
0.000000 0.476753 0.945994 1.007561 
0.000000 0.476753 1.078542 0.889023 
0.000000 0.476753 0.769873 0.802544 
0.000000 0.476753 0.881523 0.752211 
0.000000 0.476753 0.981442 1.185913 
0.000000 0.476753 1.232561 1.404055 
0.000000 0.476753 0.807658 1.161086 
0.000000 0.481903 1.247530 0.969695 
0.000000 0.481903 1.288827 1.242257 
0.000000 0.481903 1.471702 0.901901 
0.000000 0.481903 0.902739 0.808288 
0.000000 0.481903 1.202323 0.776071 
0.000000 0.481903 0.949970 1.103350 
0.000000 0.481903 1.040787 0.995801 
0.000000 0.481903 0.425905 0.846302 
0.000000 0.481903 1.159504 1.010390 
0.000000 0.481903 0.980692 0.837005 
0.000000 0.486954 0.858215 1.030494 
0.000000 0.486954 1.253852 0.723468 
0.000000 0.486954 0.864586 1.020665 
0.000000 0.486954 1.235781 1.040700 
0.000000 0.486954 1.030500 0.803364 
0.000000 0.486954 1.132274 1.089877 
0.000000 0.486954 0.516919 0.935867 
0.000000 0.486954 1.006199 0.876819 
0.000000 0.486954 0.626269 0.978277 
0.000000 0.486954 1.118271 0.813741 
0.000000 0.492088 0.885736 0.870069 
0.000000 0.492088 0.795377 1.123856 
0.000000 0.492088 1.113771 1.406354 
0.000000 0.492088 0.922650 1.037974 
0.000000 0.492088 1.200584 0.988894 
0.000000 0.492088 0.919675 0.947132 
0.000000 0.492088 0.750648 1.084475 
0.000000 0.492088 0.828409 1.124287 
0.000000 0.492088 1.145111 0.998173 
0.000000 0.492088 0.998283 1.006294 
0.000000 0.497406 0.902873 1.300661 
0.000000 0.497406 1.160338 1.087497 
0.000000 0.497406 1.280695 1.217359 
0.000000 0.497406 1.004781 1.135682 
0.000000 0.497406 1.066290 1.312174 
0.000000 0.497406 0.992244 1.165325 
0.000000 0.497406 0.762400 1.026921 
0.000000 0.497406 0.824831 1.023850 
0.000000 0.497406 1.303810 0.832604 
0.000000 0.497406 0.973577 0.671140 
0.000000 0.502327 0.777122 0.976986 
0.000000 0.502327 0.650993 1.025066 
0.000000 0.502327 0.943943 0.905125 
0.000000 0.502327 1.321373 0.942836 
0.000000 0.502327 0.904442 0.941539 
0.000000 0.502327 1.135645 0.680837 
0.000000 0.502327 1.014803 1.173690 
0.000000 0.502327 1.012812 0.864327 
0.000000 0.502327 1.024060 1.120316 
0.000000 0.502327 1.023694 0.859637 
0.000000 0.507637 1.113547 1.212889 
0.000000 0.507637 0.759476 1.089999 
0.000000 0.507637 1.056974 0.605057 
0.000000 0.507637 1.009957 0.931344 
0.000000 0.507637 0.618531 0.658023 
0.000000 0.507637 1.210737 0.964176 
0.000000 0.507637 1.132074 0.989454 
0.000000 0.507637 0.959878 0.902680 
0.000000 0.507637 0.788223 0.836094 
0.000000 0.507637 1.073908 0.824618 
0.000000 0.512604 0.760313 0.931260 
0.000000 0.512604 0.720670 0.858696 
0.000000 0.512604 0.688924 1.430665 
0.000000 0.512604 1.090156 1.126085 
0.000000 0.512604 1.371976 0.565234 
0.000000 0.512604 1.106318 1.202761 
0.000000 0.512604 0.986377 0.726084 
0.000000 0.512604 1.102690 0.858314 
0.000000 0.512604 0.812372 1.012558 
0.000000 0.512604 1.199329 0.949544 
0.000000 0.517799 1.199749 0.706985 
0.000000 0.517799 1.245158 0.793778 
0.000000 0.517799 1.295779 1.019084 
0.000000 0.517799 0.902679 0.918583 
0.000000 0.517799 1.215194 0.834836 
0.000000 0.517799 1.296887 1.009499 
0.000000 0.517799 0.753239 1.414198 
0.000000 0.517799 0.662131 1.065744 
0.000000 0.517799 0.731930 0.952796 
0.000000 0.517799 1.208232 1.136117 
0.000000 0.522728 0.753647 1.044046 
0.000000 0.522728 1.140287 0.925575 
0.000000 0.522728 0.707599 0.937930 
0.000000 0.522728 1.172267 1.025348 
0.000000 0.522728 0.816955 0.774064 
0.000000 0.522728 1.060273 0.920744 
0.000000 0.522728 1.165087 1.081608 
0.000000 0.522728 0.798495 1.122812 
0.000000 0.522728 1.057430 1.131541 
0.000000 0.522728 0.934929 0.750064 
0.000000 0.527817 0.860674 0.749193 
0.000000 0.527817 1.159836 0.879340 
0.000000 0.527817 1.237188 1.189679 
0.000000 0.527817 0.857947 1.195722 
0.000000 0.527817 1.027909 0.916464 
0.000000 0.527817 1.116157 0.910644 
0.000000 0.527817 0.659949 1.277936 
0.000000 0.527817 0.759254 1.118952 
0.000000 0.527817 0.980145 1.040937 
0.000000 0.527817 0.946168 1.424035 
0.000000 0.536850 0.690074 0.964777 
0.000000 0.536850 0.978325 0.967460 
0.000000 0.536850 1.097251 0.851766 
0.000000 0.536850 0.928709 1.172238 
0.000000 0.536850 0.959238 1.068561 
0.000000 0.536850 1.278116 0.883069 
0.000000 0.536850 1.075016 0.978800 
0.000000 0.536850 1.026085 0.780425 
0.000000 0.536850 0.861278 1.182070 
0.000000 0.536850 1.043647 1.151087 
0.000000 0.541992 0.948316 1.158709 
0.000000 0.541992 0.757270 1.118452 
0.000000 0.541992 0.808157 1.174695 
0.000000 0.541992 0.767992 1.244290 
0.000000 0.541992 1.158892 0.680256 
0.000000 0.541992 0.835106 1.225028 
0.000000 0.541992 1.031976 0.931425 
0.000000 0.541992 0.810069 0.811365 
0.000000 0.541992 0.657711 0.974419 
0.000000 0.541992 0.823991 1.173405 
0.000000 0.547325 0.771119 1.380761 
0.000000 0.547325 1.317640 1.094291 
0.000000 0.547325 0.787366 1.320107 
0.000000 0.547325 1.081056 1.060536 
0.000000 0.547325 0.982015 1.334034 
0.000000 0.547325 0.965877 0.772808 
0.000000 0.547325 1.226044 0.925807 
0.000000 0.547325 1.271156 1.088368 
0.000000 0.547325 1.276582 0.532056 
0.000000 0.547325 0.775453 0.946571 
0.000000 0.552361 0.990905 0.937374 
0.000000 0.552361 0.643389 1.409159 
0.000000 0.552361 0.858385 0.770180 
0.000000 0.552361 0.846140 1.165218 
0.000000 0.552361 1.015648 0.855032 
0.000000 0.552361 1.073247 1.141379 
0.000000 0.552361 0.941589 0.907539 
0.000000 0.552361 1.051058 1.073217 
0.000000 0.552361 0.772670 0.877931 
0.000000 0.552361 0.895011 0.937908 
0.000000 0.557358 1.013282 1.235261 
0.000000 0.557358 0.918978 1.008714 
0.000000 0.557358 1.018489 1.026892 
0.000000 0.557358 1.261354 1.186656 
0.000000 0.557358 1.193990 0.831176 
0.000000 0.557358 0.963825 0.666620 
0.000000 0.557358 0.678701 1.243121 
0.000000 0.557358 0.897721 0.994930 
0.000000 0.557358 0.817688 0.743625 
0.000000 0.557358 1.028684 1.224125 
0.000000 0.562416 0.960442 0.763485 
0.000000 0.562416 0.727607 1.160937 
0.000000 0.562416 0.962809 1.158227 
0.000000 0.562416 1.225170 1.071637 
0.000000 0.562416 1.013936 0.713655 
0.000000 0.562416 1.109069 0.758789 
0.000000 0.562416 0.901655 0.565225 
0.000000 0.562416 1.176659 0.790464 
0.000000 0.562416 0.945883 0.902344 
0.000000 0.562416 1.079103 0.961550 
0.000000 0.567589 0.779081 1.276379 
0.000000 0.567589 0.876339 1.224805 
0.000000 0.567589 1.132119 1.459483 
0.000000 0.567589 1.131565 1.048205 
0.000000 0.567589 0.974743 1.269651 
0.000000 0.567589 0.892931 0.727088 
0.000000 0.567589 0.927092 1.043203 
0.000000 0.567589 1.028935 1.083165 
0.000000 0.567589 1.038832 1.086439 
0.000000 0.567589 1.127477 1.383638 
0.000000 0.572540 1.205438 0.835974 
0.000000 0.572540 0.917591 0.665238 
0.000000 0.572540 1.227079 0.824427 
0.000000 0.572540 1.229739 1.395499 
0.000000 0.572540 0.980754 0.797946 
0.000000 0.572540 1.122764 0.873811 
0.000000 0.572540 0.990929 1.010895 
0.000000 0.572540 1.125834 1.027208 
0.000000 0.572540 0.758587 0.912691 
0.000000 0.572540 0.491560 1.302999 
0.000000 0.577522 0.766055 0.968037 
0.000000 0.577522 1.107321 1.029323 
0.000000 0.577522 1.078967 1.054447 
0.000000 0.577522 1.273325 1.094137 
0.000000 0.577522 1.243548 1.076149 
0.000000 0.577522 1.159020 1.116471 
0.000000 0.577522 1.062204 1.165160 
0.000000 0.577522 1.008800 1.082971 
0.000000 0.577522 0.746390 1.041635 
0.000000 0.577522 0.847717 0.968708 
0.000000 0.582817 1.070760 0.806069 
0.000000 0.582817 1.012606 1.308372 
0.000000 0.582817 1.337142 1.345415 
0.000000 0.582817 1.320928 1.080364 
0.000000 0.582817 1.113681 0.988784 
0.000000 0.582817 0.897330 0.790185 
0.000000 0.582817 1.042733 0.943309 
0.000000 0.582817 1.073661 0.928638 
0.000000 0.582817 1.298881 0.913119 
0.000000 0.582817 0.967960 0.945800 
0.000000 0.587975 0.896754 1.061215 
0.000000 0.587975 1.095054 0.802304 
0.000000 0.587975 0.764405 0.748027 
0.000000 0.587975 0.965467 1.016489 
0.000000 0.587975 0.737983 1.388844 
0.000000 0.587975 0.826977 1.120154 
0.000000 0.587975 0.929578 1.225205 
0.000000 0.587975 0.789738 1.150719 
0.000000 0.587975 1.229306 1.028143 
0.000000 0.587975 0.861790 0.830286 
0.000000 0.593056 1.040665 0.604476 
0.000000 0.593056 0.622414 1.477972 
0.000000 0.593056 1.164822 0.648283 
0.000000 0.593056 0.873948 1.000497 
0.000000 0.593056 1.033815 1.091121 
0.000000 0.593056 0.864711 1.267536 
0.000000 0.593056 0.860932 1.258777 
0.000000 0.593056 1.518721 0.933805 
0.000000 0.593056 0.887649 0.998464 
0.000000 0.593056 0.997783 0.931518 
0.000000 0.598267 1.263536 0.999588 
0.000000 0.598267 0.861880 0.705022 
0.000000 0.598267 0.993722 1.223314 
0.000000 0.598267 1.131269 0.894714 
0.000000 0.598267 0.885355 1.153953 
0.000000 0.598267 1.189647 1.308811 
0.000000 0.598267 1.214519 0.799547 
0.000000 0.598267 0.733650 1.193963 
0.000000 0.598267 0.875538 1.118238 
0.000000 0.598267 0.939922 0.805695 
0.000000 0.603333 0.676689 1.121942 
0.000000 0.603333 1.081504 0.924084 
0.000000 0.603333 1.140042 1.064700 
0.000000 0.603333 0.454694 0.833765 
0.000000 0.603333 1.029984 0.727364 
0.000000 0.603333 1.358776 0.867830 
0.000000 0.603333 0.918379 0.829643 
0.000000 0.603333 0.981861 1.096501 
0.000000 0.603333 1.322040 1.041284 
0.000000 0.603333 0.834538 0.873007 
0.000000 0.608360 0.894024 1.156452 
0.000000 0.608360 1.600640 0.720194 
0.000000 0.608360 1.202504 1.358074 
0.000000 0.608360 1.104203 0.719924 
0.000000 0.608360 1.222271 1.212209 
0.000000 0.608360 0.750343 1.215754 
0.000000 0.608360 0.998191 1.348026 
0.000000 0.608360 1.097020 0.819358 
0.000000 0.608360 0.956516 1.253407 
0.000000 0.608360 1.378145 0.838599 
