 6.35913495e+01 4.53443234e+01 5.19583503e+00
 6.12165953e+01 3.79080348e+01 8.54897127e-01
 6.07867272e+01 4.34779078e+01 2.88204374e+00
 6.35727163e+01 4.87526347e+01 9.16489582e+00
 5.92910352e+01 4.56234926e+01 2.50133263e+00
 6.31043959e+01 4.23104128e+01 9.94151701e+00
 5.61158146e+01 4.01714485e+01 3.48469779e+00
 6.09651003e+01 4.12539441e+01 1.58000961e+00
 6.57530509e+01 4.49176019e+01 1.07550503e+01
 6.18955202e+01 4.42502831e+01 2.90148039e+00
 6.55407531e+01 4.66626699e+01 1.45883289e+01
 6.25514635e+01 4.36416092e+01 6.38138703e+00
 6.04109593e+01 4.26658425e+01 4.88766745e+00
 6.44447482e+01 4.46807811e+01 6.47398483e+00
 6.41568810e+01 4.75605229e+01 7.66987166e+00
 6.10415426e+01 4.15619322e+01 3.06003230e+00
 6.32023569e+01 4.15430840e+01 5.30086157e+00
 5.77046047e+01 4.34288659e+01 1.72292523e+00
 6.21268588e+01 3.31718854e+01 5.96209769e+00
 6.18230055e+01 4.94971506e+01 6.29249335e+00
 6.28384976e+01 3.74796098e+01 9.72964042e-01
 6.88952383e+01 4.43575100e+01 1.65805663e+01
 6.32041609e+01 3.56683663e+01 1.01497362e+00
 6.07140869e+01 4.04061796e+01 1.69372047e+00
 6.01507561e+01 3.72813882e+01 7.20806422e-01
 6.29700922e+01 4.05496414e+01 1.51528830e+00
 6.13639809e+01 4.32792917e+01 4.40642778e+00
 6.06577484e+01 4.68059531e+01 6.52007264e+00
 5.85912290e+01 4.63195482e+01 3.58024063e+00
 6.05163452e+01 4.39168862e+01 5.33613146e+00
 6.06459174e+01 4.47082527e+01 3.91720670e+00
 6.41063682e+01 4.66329557e+01 6.51882357e+00
 6.28045639e+01 4.82237830e+01 8.45874334e+00
 6.53110625e+01 3.75669488e+01 4.01920110e+00
 6.29516672e+01 4.50263224e+01 5.09881585e+00
 5.75583023e+01 4.22725932e+01 1.46743375e+00
 6.02498383e+01 4.35228937e+01 5.39013521e+00
 5.92253121e+01 4.22846634e+01 7.87986642e+00
 5.89776076e+01 4.26472982e+01 4.19191560e+00
 6.15390763e+01 3.93549816e+01 2.83662047e+00
 6.77153648e+01 4.62763525e+01 1.10125605e+01
 6.49012159e+01 4.16533992e+01 6.82077789e+00
 6.67209657e+01 4.44424349e+01 7.15711486e+00
 6.11219233e+01 4.26153324e+01 3.72061111e+00
 6.17528140e+01 3.74134024e+01 5.32500858e-01
 5.68734181e+01 3.47659321e+01 2.91424824e+00
 6.15595680e+01 4.81278002e+01 5.86630647e+00
 6.30570545e+01 4.59195636e+01 2.54371912e+00
 6.04906040e+01 3.74867624e+01 1.02359301e+00
 6.40178704e+01 4.13482649e+01 5.73401666e+00
 6.01998034e+01 4.34177118e+01 5.92114509e+00
 5.51219065e+01 3.57545369e+01 1.88119836e+00
 6.30832457e+01 4.27801969e+01 2.86692671e+00
 6.23333741e+01 4.17521566e+01 2.30789639e+00
 7.29482241e+01 4.64310638e+01 7.52402275e+00
 6.28579658e+01 4.18524086e+01 1.43638743e+00
 6.67093491e+01 4.15188939e+01 2.29646529e+00
 5.71518335e+01 4.01416787e+01 6.38906333e+00
 6.35580960e+01 4.40513679e+01 1.05149295e+00
 6.33312223e+01 3.92943936e+01 4.10312650e+00
 5.87665803e+01 3.76254658e+01 2.33705526e+00
 6.51526580e+01 3.91124711e+01 5.76205987e+00
 6.21407269e+01 4.58981525e+01 5.00824871e+00
 6.05026916e+01 4.70846353e+01 6.82989885e+00
 5.98962108e+01 4.79605966e+01 6.26381060e+00
 6.28685093e+01 4.62086410e+01 1.08873612e+00
 6.43782382e+01 4.29950069e+01 3.25750081e+00
 6.20358297e+01 4.09131084e+01 4.10702387e+00
 6.39275654e+01 3.79185696e+01 2.78606541e+00
 5.97025222e+01 4.29990779e+01 4.15283059e+00
 6.82227340e+01 4.29523829e+01 7.38408604e+00
 6.64354305e+01 4.18988646e+01 3.44655592e+00
 6.02207992e+01 3.81909339e+01 2.71792877e+00
 6.41684370e+01 4.11084501e+01 9.27995698e+00
 5.69980601e+01 4.36866570e+01 5.68442078e+00
 6.12860903e+01 4.26396050e+01 3.66068324e+00
 6.87548134e+01 4.14284519e+01 6.20234723e+00
 6.08287034e+01 4.59629397e+01 6.51069862e+00
 6.28040157e+01 4.47034870e+01 5.16993982e+00
 6.68945195e+01 4.63902991e+01 2.32207713e+00
 5.51805293e+01 4.48981038e+01 3.15429649e+00
 6.05422039e+01 4.50066156e+01 4.70104902e+00
 6.63416281e+01 4.68591664e+01 1.03172537e+01
 6.12820129e+01 4.16617286e+01 2.73593160e+00
 5.85299504e+01 4.08220329e+01 7.30169473e-01
 6.50731659e+01 4.29180254e+01 4.33427107e+00
 5.95969247e+01 3.91912689e+01 2.40874815e+00
 6.46970561e+01 3.88455104e+01 2.81159812e+00
 5.99641735e+01 4.42483820e+01 4.86648050e+00
 6.38696121e+01 4.03747571e+01 2.89459516e+00
 6.59825922e+01 4.05787585e+01 6.71550905e+00
 6.17248159e+01 4.22768908e+01 1.69189961e+00
 6.20760897e+01 4.25664244e+01 2.64620112e+00
 5.79831609e+01 3.97899565e+01 1.28069887e+00
 6.13117463e+01 3.89807240e+01 2.47092559e+00
 6.16434367e+01 4.50285823e+01 3.38579158e+00
 5.83236640e+01 4.30725891e+01 2.98108767e+00
 6.13243191e+01 4.75595824e+01 3.59006648e+00
 5.79445059e+01 3.65310343e+01 2.00607690e+00
 6.49306494e+01 3.95356496e+01 1.06998278e+00
